,source,target,weight
0,730,719,2
1,737,715,2
2,737,709,1
3,737,688,1
4,737,718,2
5,737,5595,1
6,737,719,2
7,737,442,1
8,737,722,1
9,737,448,1
10,737,746,2
11,737,729,2
12,737,711,1
13,715,737,2
14,715,718,2
15,709,737,1
16,709,688,1
17,709,711,2
18,5599,729,2
19,688,737,1
20,688,709,1
21,435,448,1
22,718,737,2
23,718,715,2
24,5595,737,1
25,719,730,2
26,719,737,2
27,442,737,1
28,442,460,1
29,722,737,1
30,448,737,1
31,448,435,1
32,460,442,1
33,746,737,2
34,729,737,2
35,729,5599,2
36,711,737,2
37,345,382,1
38,1558,382,1
39,1558,346,1
40,382,345,1
41,382,1558,1
42,382,342,1
43,382,1520,1
44,382,351,1
45,382,1209,1
46,3986,1561,1
47,342,382,1
48,346,1558,1
49,1561,3986,1
50,1520,382,1
51,351,382,1
52,1209,382,1
53,1230,350,2
54,1230,351,2
55,580,342,3
56,4309,345,1
57,4309,351,1
58,737,344,1
59,737,345,3
60,737,342,2
61,3941,344,1
62,3941,350,1
63,1218,344,1
64,1218,345,4
65,1218,352,3
66,1218,342,4
67,1218,350,3
68,1506,350,1
69,1321,344,1
70,1321,345,1
71,1321,342,1
72,1321,350,1
73,1321,351,1
74,1216,345,1
75,1216,350,1
76,1538,344,1
77,1538,351,1
78,353,350,1
79,1501,344,1
80,1501,345,1
81,1501,350,1
82,302,350,1
83,1423,345,1
84,1489,344,1
85,1489,342,1
86,1489,350,1
87,1519,344,1
88,1519,345,3
89,1519,350,1
90,1382,342,3
91,1460,344,2
92,1460,338,1
93,1460,350,2
94,344,737,1
95,344,3941,1
96,344,1218,1
97,344,1321,1
98,344,1538,1
99,344,1501,1
100,344,1489,1
101,344,1519,1
102,344,1460,2
103,344,1322,2
104,344,1509,1
105,344,1200,1
106,344,338,1
107,344,599,1
108,344,1626,2
109,344,1555,1
110,344,382,1
111,344,342,1
112,344,5557,1
113,344,1452,2
114,344,1225,2
115,344,1468,1
116,344,1479,1
117,344,1458,3
118,344,4322,2
119,344,1462,1
120,344,348,1
121,344,1638,1
122,344,1054,4
123,344,1524,1
124,344,1561,1
125,344,1354,1
126,344,1520,3
127,344,3998,5
128,344,1512,1
129,344,1562,1
130,344,1203,1
131,344,1472,2
132,344,1205,1
133,344,772,1
134,344,1486,1
135,344,1206,1
136,344,1508,1
137,344,1612,2
138,344,351,5
139,344,1551,1
140,344,1613,3
141,344,1550,1
142,344,679,1
143,344,1226,1
144,344,1209,1
145,344,1208,1
146,1322,344,2
147,1509,344,1
148,1509,345,6
149,1509,352,1
150,1509,342,2
151,1509,350,5
152,1509,351,6
153,1200,344,1
154,1200,345,3
155,1200,352,1
156,1200,342,1
157,1200,350,1
158,1200,351,2
159,338,1460,1
160,338,344,1
161,338,345,2
162,338,350,1
163,373,5557,1
164,373,346,2
165,373,3998,3
166,373,1206,1
167,599,344,1
168,599,345,2
169,345,4309,1
170,345,737,3
171,345,1218,4
172,345,1321,1
173,345,1216,1
174,345,1501,1
175,345,1423,1
176,345,1519,3
177,345,1509,6
178,345,1200,3
179,345,338,2
180,345,599,2
181,345,5557,1
182,345,1452,6
183,345,1225,3
184,345,671,1
185,345,348,1
186,345,1335,1
187,345,1229,3
188,345,1359,1
189,345,1524,3
190,345,347,2
191,345,1520,3
192,345,3998,5
193,345,674,1
194,345,1486,4
195,345,1206,3
196,345,1508,1
197,345,1526,1
198,345,1551,3
199,345,679,3
200,345,680,1
201,345,1209,1
202,1626,344,2
203,1626,342,2
204,1626,350,2
205,1555,344,1
206,1555,352,1
207,1555,342,2
208,1555,350,1
209,1555,351,3
210,382,344,1
211,4166,342,1
212,3986,342,1
213,3986,351,1
214,340,5557,1
215,352,1218,3
216,352,1509,1
217,352,1200,1
218,352,1555,1
219,352,1452,3
220,352,1524,1
221,352,1561,1
222,352,3998,4
223,352,1486,2
224,352,1206,1
225,352,350,2
226,352,1508,1
227,352,1551,1
228,352,1613,3
229,342,580,5
230,342,737,2
231,342,1218,4
232,342,1321,1
233,342,1489,1
234,342,1382,3
235,342,344,1
236,342,1509,2
237,342,1200,1
238,342,1626,2
239,342,1555,2
240,342,4166,1
241,342,3986,1
242,342,1452,4
243,342,4322,2
244,342,1229,1
245,342,1524,2
246,342,1561,2
247,342,1354,2
248,342,347,2
249,342,1520,3
250,342,3998,4
251,342,1205,1
252,342,1486,2
253,342,1206,1
254,342,350,2
255,342,1273,2
256,342,1551,2
257,342,1613,4
258,342,1550,1
259,5557,344,1
260,5557,373,1
261,5557,345,1
262,5557,340,1
263,5557,350,1
264,421,351,3
265,1452,344,2
266,1452,345,6
267,1452,352,3
268,1452,342,4
269,1452,350,3
270,1452,351,3
271,1225,344,2
272,1225,345,3
273,1225,350,2
274,1225,351,2
275,1468,344,1
276,1479,344,1
277,1458,344,3
278,4322,344,2
279,4322,342,2
280,4322,351,2
281,669,350,1
282,671,345,1
283,1462,344,1
284,1462,350,1
285,348,344,1
286,348,345,1
287,348,350,1
288,1529,351,1
289,1638,344,1
290,1638,350,1
291,1054,344,4
292,1335,345,1
293,1229,345,3
294,1229,342,1
295,1359,345,1
296,346,373,2
297,1524,344,1
298,1524,345,3
299,1524,352,1
300,1524,342,2
301,1524,350,1
302,1561,344,1
303,1561,352,1
304,1561,342,2
305,1561,350,3
306,1354,344,1
307,1354,342,2
308,1354,351,1
309,347,345,2
310,347,342,2
311,347,351,3
312,1520,344,3
313,1520,345,3
314,1520,342,3
315,1520,350,3
316,3998,344,5
317,3998,373,3
318,3998,345,5
319,3998,352,4
320,3998,342,4
321,3998,350,4
322,3998,351,2
323,1512,344,1
324,674,345,1
325,1562,344,1
326,1203,344,1
327,1472,344,2
328,1205,344,1
329,1205,342,1
330,1205,350,1
331,772,344,1
332,772,350,1
333,1486,344,1
334,1486,345,4
335,1486,352,2
336,1486,342,2
337,1486,350,4
338,1206,344,1
339,1206,373,1
340,1206,345,3
341,1206,352,1
342,1206,342,1
343,1206,350,1
344,1206,351,2
345,350,1230,2
346,350,3941,1
347,350,1218,3
348,350,1506,1
349,350,1321,1
350,350,1216,1
351,350,353,1
352,350,1501,1
353,350,302,1
354,350,1489,1
355,350,1519,1
356,350,1460,2
357,350,1509,5
358,350,1200,1
359,350,338,1
360,350,1626,2
361,350,1555,1
362,350,352,2
363,350,342,2
364,350,5557,1
365,350,1452,3
366,350,1225,2
367,350,669,1
368,350,1462,1
369,350,348,1
370,350,1638,1
371,350,1524,1
372,350,1561,3
373,350,1520,3
374,350,3998,4
375,350,1205,1
376,350,772,1
377,350,1486,4
378,350,1206,1
379,350,1508,1
380,350,351,3
381,350,1613,3
382,350,1209,1
383,350,1208,1
384,1508,344,1
385,1508,345,1
386,1508,352,1
387,1508,350,1
388,1612,344,2
389,1273,342,2
390,1526,345,1
391,351,1230,2
392,351,4309,1
393,351,1321,1
394,351,1538,1
395,351,344,3
396,351,1509,6
397,351,1200,2
398,351,1555,3
399,351,3986,1
400,351,421,3
401,351,1452,3
402,351,1225,2
403,351,4322,2
404,351,1529,1
405,351,1354,1
406,351,347,3
407,351,3998,2
408,351,1206,2
409,351,350,3
410,351,1613,5
411,351,1550,1
412,351,1209,1
413,1551,344,1
414,1551,345,3
415,1551,352,1
416,1551,342,2
417,1613,344,3
418,1613,352,3
419,1613,342,4
420,1613,350,3
421,1613,351,5
422,1550,344,1
423,1550,342,1
424,1550,351,1
425,679,344,1
426,679,345,3
427,680,345,1
428,1226,344,1
429,1209,344,1
430,1209,345,1
431,1209,350,1
432,1209,351,1
433,1208,344,1
434,1208,350,1
435,609,619,1
436,619,609,1
437,3953,1056,2
438,1056,3953,2
439,410,342,1
440,342,410,1
441,3941,1480,1
442,1460,1486,1
443,1450,1486,1
444,1480,3941,1
445,1456,1486,1
446,1486,1460,1
447,1486,1450,1
448,1486,1456,1
449,1486,1476,1
450,1476,1486,1
451,1459,3941,2
452,1459,1461,2
453,1459,1472,2
454,737,1456,2
455,737,1486,2
456,3941,1459,2
457,3941,1446,2
458,3941,1218,4
459,3941,302,2
460,3941,1489,1
461,3941,1382,3
462,3941,1460,2
463,3941,1474,3
464,3941,345,2
465,3941,1455,2
466,3941,1555,4
467,3941,340,2
468,3941,1452,4
469,3941,1451,2
470,3941,4191,2
471,3941,1450,2
472,3941,4192,2
473,3941,1468,2
474,3941,4194,2
475,3941,1475,2
476,3941,5787,2
477,3941,1479,2
478,3941,4190,2
479,3941,1458,2
480,3941,1454,2
481,3941,1462,2
482,3941,1197,4
483,3941,1464,2
484,3941,1465,2
485,3941,1335,3
486,3941,1229,2
487,3941,1469,2
488,3941,4193,2
489,3941,1353,3
490,3941,346,3
491,3941,1524,3
492,3941,1418,2
493,3941,1657,3
494,3941,4195,2
495,3941,1472,3
496,3941,1486,3
497,3941,1482,2
498,3941,1476,2
499,3941,1194,4
500,3941,351,2
501,3941,1613,2
502,3941,679,2
503,3941,1488,2
504,1446,3941,2
505,1218,3941,4
506,1264,1452,1
507,302,3941,3
508,302,1452,3
509,1489,3941,1
510,1382,3941,4
511,1382,1452,1
512,1382,1472,1
513,1382,1486,1
514,1460,3941,2
515,1474,3941,3
516,1474,1486,3
517,609,1486,2
518,345,3941,2
519,345,1456,1
520,1455,3941,2
521,1555,3941,5
522,340,3941,2
523,340,1452,4
524,340,1486,3
525,1452,3941,4
526,1452,1264,1
527,1452,302,3
528,1452,1382,1
529,1452,340,4
530,1452,1353,1
531,1452,346,5
532,1452,1472,2
533,1452,1486,2
534,1452,1613,4
535,1451,3941,2
536,4191,3941,2
537,1450,3941,2
538,4192,3941,2
539,4192,1458,2
540,4192,1464,2
541,1468,3941,2
542,4194,3941,2
543,1480,1461,2
544,1475,3941,2
545,5787,3941,2
546,1479,3941,3
547,4190,3941,2
548,4190,1464,2
549,1458,3941,2
550,1458,4192,2
551,1458,1472,2
552,1454,3941,2
553,1456,737,2
554,1456,345,1
555,1456,346,2
556,1461,1459,2
557,1461,1480,2
558,1462,3941,2
559,4196,1472,2
560,1197,3941,5
561,1197,1486,2
562,1464,3941,2
563,1464,4192,2
564,1464,4190,2
565,1465,3941,2
566,1335,3941,3
567,1229,3941,2
568,1469,3941,2
569,1469,1486,2
570,4193,3941,2
571,1353,3941,3
572,1353,1452,1
573,346,3941,4
574,346,1452,5
575,346,1456,2
576,346,1486,4
577,1524,3941,3
578,1418,3941,2
579,347,1486,2
580,1657,3941,3
581,4195,3941,2
582,1472,1459,2
583,1472,3941,4
584,1472,1382,1
585,1472,1452,2
586,1472,1458,2
587,1472,4196,2
588,1472,1486,2
589,1486,737,2
590,1486,3941,6
591,1486,1382,1
592,1486,1474,3
593,1486,609,2
594,1486,340,2
595,1486,1452,2
596,1486,1197,2
597,1486,1469,2
598,1486,346,4
599,1486,347,2
600,1486,1472,2
601,1482,3941,2
602,1476,3941,2
603,1194,3941,4
604,351,3941,2
605,1613,3941,2
606,1613,1452,4
607,679,3941,2
608,1488,3941,2
609,1262,1285,1
610,1262,1386,1
611,1324,1278,1
612,1324,1285,1
613,1324,1268,1
614,580,1330,3
615,580,1435,3
616,1344,1386,1
617,1403,1335,2
618,1403,1354,1
619,1321,1399,2
620,1280,1399,1
621,1280,1335,1
622,1280,1354,1
623,1538,1335,2
624,1264,1555,3
625,1264,1399,2
626,1264,1335,2
627,1264,1354,2
628,1264,1418,2
629,1264,1435,2
630,302,1335,4
631,302,1418,2
632,1278,1324,1
633,1278,1386,1
634,1330,580,3
635,1330,1335,1
636,1330,1354,1
637,1412,1335,1
638,1412,1354,1
639,1412,1386,1
640,1322,1418,2
641,1285,1262,1
642,1285,1324,1
643,1285,1386,1
644,345,1418,2
645,1320,1335,1
646,1320,1354,1
647,1555,1264,3
648,1555,1335,4
649,1555,1435,3
650,1563,1335,2
651,1323,1399,1
652,1323,1418,2
653,687,1335,2
654,1416,1386,1
655,1276,1386,1
656,1399,1321,2
657,1399,1280,1
658,1399,1264,2
659,1399,1323,1
660,1399,1335,1
661,1399,1359,1
662,1399,1418,1
663,1399,1435,1
664,1399,1273,2
665,6493,1386,1
666,6493,1268,2
667,1409,1386,1
668,1335,1403,2
669,1335,1280,1
670,1335,1538,2
671,1335,1264,2
672,1335,302,4
673,1335,1330,1
674,1335,1412,1
675,1335,1320,1
676,1335,1555,4
677,1335,1563,2
678,1335,687,2
679,1335,1399,1
680,1335,1359,1
681,1335,1353,1
682,1335,1524,3
683,1335,1418,2
684,1335,1268,2
685,1335,1274,1
686,1335,1415,1
687,1335,1435,1
688,1335,1551,3
689,1359,1399,1
690,1359,1335,1
691,1359,1418,2
692,1359,1435,2
693,1353,1335,1
694,1353,1435,1
695,1353,1273,1
696,1524,1335,3
697,1524,1418,3
698,1354,1403,1
699,1354,1280,1
700,1354,1264,2
701,1354,1330,1
702,1354,1412,1
703,1354,1320,1
704,1354,1415,1
705,1354,1273,2
706,1418,1264,2
707,1418,302,2
708,1418,1322,2
709,1418,345,2
710,1418,1323,2
711,1418,1399,1
712,1418,1335,3
713,1418,1359,2
714,1418,1524,3
715,1418,1435,2
716,1418,1273,2
717,1386,1262,1
718,1386,1344,1
719,1386,1278,1
720,1386,1412,1
721,1386,1285,1
722,1386,1416,1
723,1386,1276,1
724,1386,6493,1
725,1386,1409,1
726,1386,1356,1
727,1386,1289,1
728,1386,1417,1
729,1356,1386,1
730,1268,1324,1
731,1268,6493,2
732,1268,1335,2
733,1274,1335,1
734,1289,1386,1
735,1415,1335,1
736,1415,1354,1
737,1415,1273,1
738,1435,580,3
739,1435,1264,2
740,1435,1555,3
741,1435,1399,1
742,1435,1335,1
743,1435,1359,2
744,1435,1353,1
745,1435,1418,2
746,1273,1399,2
747,1273,1353,1
748,1273,1354,2
749,1273,1418,2
750,1273,1415,1
751,1417,1386,1
752,1551,1335,3
753,1054,1229,6
754,1055,344,1
755,1055,345,2
756,1055,1051,5
757,1055,342,2
758,1055,348,2
759,1055,346,2
760,1055,351,1
761,1230,344,3
762,1230,345,2
763,1230,342,4
764,1230,346,5
765,1230,3998,5
766,1230,1613,2
767,1212,345,1
768,1212,340,1
769,1212,342,2
770,1212,346,2
771,1212,3998,3
772,1212,350,1
773,1212,351,1
774,737,351,5
775,737,1613,4
776,1218,351,4
777,1218,1613,6
778,1506,346,2
779,1216,3998,4
780,353,3998,3
781,1501,351,2
782,1423,1509,3
783,1423,1452,2
784,1423,1225,1
785,1423,1054,3
786,1423,3998,3
787,1423,1056,3
788,1489,351,1
789,1519,346,3
790,1382,1613,4
791,1460,345,2
792,1460,341,1
793,1460,340,3
794,1460,342,2
795,1460,346,2
796,1460,351,1
797,1460,1613,2
798,344,1055,1
799,344,1230,3
800,344,1051,2
801,344,1231,1
802,344,346,3
803,344,1056,4
804,1474,1613,3
805,1322,345,1
806,1322,3986,2
807,1322,1612,2
808,609,345,4
809,609,3998,3
810,609,351,5
811,609,1613,5
812,1509,1423,3
813,1509,340,2
814,1509,346,5
815,338,1452,1
816,338,3998,1
817,338,1472,1
818,338,1056,1
819,345,1055,2
820,345,1230,2
821,345,1212,1
822,345,1460,3
823,345,1322,1
824,345,609,4
825,345,1626,2
826,345,1555,3
827,345,1563,3
828,345,4091,2
829,345,1051,3
830,345,410,1
831,345,342,2
832,345,421,2
833,345,1458,3
834,345,1462,1
835,345,1054,4
836,345,1231,1
837,345,1469,1
838,345,346,2
839,345,1561,3
840,345,1354,2
841,345,1633,1
842,345,1470,1
843,345,1472,4
844,345,3953,2
845,345,1476,1
846,345,1053,1
847,345,350,1
848,345,1612,2
849,345,1056,3
850,345,351,3
851,345,1613,3
852,345,1488,1
853,1626,345,2
854,1626,346,4
855,1626,3998,1
856,1626,351,1
857,1555,345,3
858,1555,1613,5
859,382,1225,1
860,382,3998,2
861,4166,3998,2
862,4166,351,2
863,1563,345,3
864,1563,350,2
865,1563,1613,5
866,3986,1322,2
867,341,1460,1
868,341,1225,1
869,341,3998,1
870,4091,345,2
871,4091,348,2
872,4091,346,2
873,4091,351,1
874,4091,1613,4
875,340,1212,1
876,340,1460,3
877,340,1509,2
878,340,421,5
879,340,1225,3
880,340,1229,8
881,340,3998,4
882,340,3953,3
883,340,351,4
884,340,1613,5
885,1051,344,2
886,1051,345,3
887,1051,342,2
888,1051,348,2
889,1051,346,3
890,1051,347,1
891,1051,1612,2
892,1051,351,1
893,1051,1613,2
894,668,351,1
895,687,351,3
896,1609,1452,2
897,1609,3998,2
898,1609,1056,2
899,1609,351,1
900,410,345,1
901,410,346,2
902,410,350,1
903,410,351,1
904,352,1225,1
905,342,1055,2
906,342,1230,4
907,342,1212,2
908,342,1460,2
909,342,345,2
910,342,1051,2
911,342,421,2
912,342,1225,1
913,342,1458,2
914,342,1054,3
915,342,346,2
916,342,3953,2
917,342,1612,2
918,342,1056,3
919,421,345,2
920,421,340,5
921,421,342,2
922,421,346,4
923,421,1613,2
924,1452,1423,2
925,1452,338,1
926,1452,1609,2
927,1452,348,2
928,1452,1611,2
929,1452,347,2
930,1452,1612,2
931,1225,1423,1
932,1225,382,1
933,1225,341,1
934,1225,340,3
935,1225,352,1
936,1225,342,1
937,1225,346,2
938,1225,347,1
939,1225,371,1
940,1225,3998,2
941,1610,3998,2
942,1468,1613,2
943,1479,1613,3
944,1458,345,3
945,1458,342,2
946,1458,348,1
947,1458,346,3
948,1458,351,1
949,1456,1613,2
950,669,351,1
951,1462,345,1
952,1462,346,1
953,1197,1613,3
954,1213,3998,1
955,348,1055,2
956,348,4091,2
957,348,1051,2
958,348,1452,2
959,348,1458,1
960,348,3998,2
961,348,1056,2
962,1611,1452,2
963,1611,3998,2
964,1054,1423,3
965,1054,345,4
966,1054,342,3
967,1054,346,4
968,1054,347,2
969,1054,1612,2
970,1054,351,1
971,1054,1613,3
972,1229,340,8
973,1229,346,4
974,1229,351,2
975,1229,1613,3
976,1231,344,1
977,1231,345,1
978,1231,346,1
979,1231,3998,2
980,1231,351,1
981,1469,345,1
982,1469,346,1
983,1606,1613,4
984,346,1055,2
985,346,1230,5
986,346,1212,2
987,346,1459,1
988,346,1506,2
989,346,1519,3
990,346,1460,3
991,346,344,2
992,346,1509,5
993,346,345,3
994,346,1626,4
995,346,4091,2
996,346,1051,3
997,346,410,2
998,346,342,2
999,346,421,4
1000,346,1225,2
1001,346,1458,3
1002,346,1462,1
1003,346,1054,4
1004,346,1229,6
1005,346,1231,1
1006,346,1469,1
1007,346,1561,3
1008,346,1520,3
1009,346,3998,4
1010,346,1470,1
1011,346,1472,3
1012,346,3953,2
1013,346,1476,1
1014,346,1056,4
1015,346,351,3
1016,346,1613,5
1017,346,1488,1
1018,1524,351,2
1019,1524,1613,5
1020,1561,345,3
1021,1561,346,3
1022,1561,351,2
1023,1354,345,2
1024,1354,1613,3
1025,347,1051,1
1026,347,1452,2
1027,347,1225,1
1028,347,1458,1
1029,347,1054,1
1030,347,1520,2
1031,347,3998,2
1032,347,1472,2
1033,347,1476,1
1034,347,1206,1
1035,347,1056,2
1036,347,1613,1
1037,1520,346,3
1038,1520,347,2
1039,1520,351,2
1040,1520,1613,4
1041,1386,351,1
1042,1657,351,2
1043,371,1225,1
1044,371,3998,2
1045,1633,345,1
1046,3998,1230,4
1047,3998,1212,3
1048,3998,1216,4
1049,3998,353,3
1050,3998,1423,3
1051,3998,609,3
1052,3998,338,1
1053,3998,1626,1
1054,3998,382,2
1055,3998,4166,2
1056,3998,341,1
1057,3998,340,4
1058,3998,1609,2
1059,3998,1225,2
1060,3998,1610,2
1061,3998,1213,1
1062,3998,348,2
1063,3998,1611,2
1064,3998,1231,2
1065,3998,346,4
1066,3998,347,2
1067,3998,371,2
1068,3998,349,1
1069,3998,1253,4
1070,3998,1612,2
1071,3998,1613,3
1072,3998,1246,5
1073,3998,1226,1
1074,1470,345,1
1075,1470,346,1
1076,1470,1613,2
1077,1472,338,1
1078,1472,345,4
1079,1472,346,3
1080,1472,347,2
1081,1472,351,1
1082,1472,1613,3
1083,3953,345,2
1084,3953,340,3
1085,3953,342,2
1086,3953,346,2
1087,3953,351,2
1088,349,3998,1
1089,349,351,4
1090,1486,351,1
1091,1486,1613,3
1092,1476,345,1
1093,1476,346,1
1094,1476,347,1
1095,1476,351,1
1096,1194,351,3
1097,1053,345,1
1098,1206,347,1
1099,350,1212,1
1100,350,345,1
1101,350,1563,2
1102,350,410,1
1103,350,1551,2
1104,1253,3998,5
1105,1612,1055,2
1106,1612,1322,2
1107,1612,345,2
1108,1612,342,2
1109,1612,1452,2
1110,1612,1054,2
1111,1612,3998,2
1112,1612,1056,2
1113,1612,351,2
1114,1612,1613,3
1115,1056,1423,3
1116,1056,344,4
1117,1056,338,1
1118,1056,345,3
1119,1056,1609,2
1120,1056,342,3
1121,1056,348,2
1122,1056,346,4
1123,1056,347,2
1124,1056,1612,2
1125,1056,351,1
1126,1056,1613,3
1127,351,1055,1
1128,351,1212,1
1129,351,737,5
1130,351,1218,4
1131,351,1501,2
1132,351,1489,1
1133,351,1460,1
1134,351,609,6
1135,351,345,3
1136,351,1626,1
1137,351,4166,2
1138,351,4091,1
1139,351,340,4
1140,351,1051,1
1141,351,668,1
1142,351,687,3
1143,351,1609,1
1144,351,410,1
1145,351,1458,1
1146,351,669,1
1147,351,1054,1
1148,351,1229,2
1149,351,1231,1
1150,351,346,3
1151,351,1524,2
1152,351,1561,2
1153,351,1520,2
1154,351,1386,1
1155,351,1657,2
1156,351,1472,1
1157,351,3953,2
1158,351,349,4
1159,351,1486,1
1160,351,1476,1
1161,351,1194,3
1162,351,1612,2
1163,351,1056,1
1164,351,1551,2
1165,351,679,1
1166,1551,350,2
1167,1551,351,2
1168,1613,1055,2
1169,1613,1230,2
1170,1613,737,4
1171,1613,1218,6
1172,1613,1382,4
1173,1613,1460,2
1174,1613,1474,3
1175,1613,609,5
1176,1613,345,3
1177,1613,1555,5
1178,1613,1563,5
1179,1613,4091,4
1180,1613,340,5
1181,1613,421,2
1182,1613,1468,2
1183,1613,1479,3
1184,1613,1456,2
1185,1613,1197,3
1186,1613,1054,3
1187,1613,1229,3
1188,1613,1606,4
1189,1613,346,5
1190,1613,1524,5
1191,1613,1354,3
1192,1613,347,1
1193,1613,1520,4
1194,1613,3998,3
1195,1613,1470,2
1196,1613,1472,3
1197,1613,1486,3
1198,1613,1612,3
1199,1613,1056,3
1200,1613,1246,2
1201,1613,1448,2
1202,1613,1488,2
1203,1246,3998,5
1204,1246,1613,2
1205,1448,1613,2
1206,679,351,1
1207,1226,3998,1
1208,1488,345,1
1209,1488,346,1
1210,1488,1613,2
1211,580,609,6
1212,609,580,6
1213,609,3959,2
1214,609,679,3
1215,340,1197,3
1216,340,1561,2
1217,340,1246,2
1218,340,3959,2
1219,668,609,2
1220,1197,340,3
1221,346,1194,2
1222,1561,340,2
1223,1246,340,2
1224,3959,609,2
1225,3959,340,2
1226,679,609,3
1227,1230,1382,3
1228,1324,309,2
1229,1324,1335,4
1230,1324,1353,3
1231,1324,1354,3
1232,1324,1418,3
1233,1324,1386,2
1234,1324,1273,3
1235,580,1264,3
1236,580,1423,3
1237,580,1382,3
1238,580,1335,2
1239,580,1353,2
1240,580,1354,3
1241,580,1418,2
1242,580,1273,2
1243,737,1382,3
1244,3941,1273,1
1245,1218,1382,5
1246,1403,1382,2
1247,1403,1353,2
1248,1403,1386,1
1249,1321,1350,2
1250,1321,309,2
1251,1321,1335,3
1252,1321,1353,3
1253,1321,1354,3
1254,1321,1418,3
1255,1321,1386,2
1256,1216,1382,3
1257,1280,1353,1
1258,1280,1386,1
1259,608,1382,2
1260,1538,1382,3
1261,1264,580,3
1262,1264,1382,2
1263,1264,1353,2
1264,1264,1386,1
1265,353,1382,2
1266,1423,580,3
1267,1423,1382,3
1268,1489,1382,2
1269,1382,1230,3
1270,1382,580,3
1271,1382,737,3
1272,1382,1218,5
1273,1382,1403,2
1274,1382,1216,3
1275,1382,608,2
1276,1382,1538,3
1277,1382,1264,2
1278,1382,353,2
1279,1382,1423,3
1280,1382,1489,2
1281,1382,1330,2
1282,1382,1322,1
1283,1382,609,4
1284,1382,599,3
1285,1382,345,3
1286,1382,1555,3
1287,1382,1563,2
1288,1382,340,2
1289,1382,1528,2
1290,1382,687,3
1291,1382,352,2
1292,1382,421,3
1293,1382,1197,2
1294,1382,1529,3
1295,1382,1638,3
1296,1382,1569,2
1297,1382,629,2
1298,1382,1335,5
1299,1382,1229,3
1300,1382,1606,2
1301,1382,1359,2
1302,1382,1353,3
1303,1382,346,2
1304,1382,1561,3
1305,1382,1354,2
1306,1382,1418,2
1307,1382,347,2
1308,1382,1657,2
1309,1382,1274,2
1310,1382,3953,2
1311,1382,1415,2
1312,1382,1194,2
1313,1382,350,2
1314,1382,1273,8
1315,1382,1526,2
1316,1382,351,3
1317,1382,1551,3
1318,1382,1250,3
1319,1382,1246,2
1320,1382,1550,2
1321,1382,679,2
1322,1382,1208,2
1323,1330,1382,2
1324,1330,1386,1
1325,1322,1382,1
1326,1322,1353,3
1327,1322,1354,3
1328,1322,1386,2
1329,609,1382,4
1330,599,1382,3
1331,345,1382,3
1332,1350,1321,2
1333,1555,1382,3
1334,1555,1359,2
1335,1555,1353,2
1336,1555,1354,3
1337,1555,1273,3
1338,1563,1382,2
1339,340,1382,2
1340,1323,1353,3
1341,1323,1354,3
1342,1528,1382,2
1343,687,1382,2
1344,352,1382,2
1345,421,1382,3
1346,428,438,2
1347,438,421,2
1348,1197,1382,2
1349,309,1324,2
1350,309,1321,2
1351,1399,1353,2
1352,1399,1354,2
1353,1529,1382,3
1354,1529,1386,3
1355,1638,1382,3
1356,1569,1382,2
1357,629,1382,2
1358,1335,1324,4
1359,1335,580,2
1360,1335,1321,3
1361,1335,1382,2
1362,1335,1606,2
1363,1335,1354,2
1364,1335,1386,1
1365,1335,1273,3
1366,1335,1613,2
1367,1229,1382,3
1368,1229,1386,3
1369,1606,1382,2
1370,1606,1335,2
1371,1606,1386,3
1372,1606,1273,1
1373,1359,1382,2
1374,1359,1555,2
1375,1359,1386,1
1376,1353,1324,3
1377,1353,580,2
1378,1353,1403,2
1379,1353,1321,3
1380,1353,1280,1
1381,1353,1264,2
1382,1353,1382,8
1383,1353,1322,3
1384,1353,1555,2
1385,1353,1323,3
1386,1353,1399,2
1387,1353,1524,4
1388,1353,1418,2
1389,1353,1386,2
1390,1353,1415,1
1391,1353,351,1
1392,1353,1551,2
1393,346,1382,2
1394,1524,1353,4
1395,1561,1382,3
1396,1354,1324,3
1397,1354,580,3
1398,1354,1321,3
1399,1354,1382,2
1400,1354,1322,3
1401,1354,1555,3
1402,1354,1323,3
1403,1354,1399,2
1404,1354,1335,2
1405,1354,1418,2
1406,1354,1386,2
1407,1354,1435,1
1408,1354,1551,3
1409,1418,1324,3
1410,1418,580,2
1411,1418,1321,3
1412,1418,1382,3
1413,1418,1353,2
1414,1418,1354,2
1415,1418,1386,1
1416,347,1382,2
1417,1386,1324,2
1418,1386,1403,1
1419,1386,1321,2
1420,1386,1280,1
1421,1386,1264,1
1422,1386,1330,1
1423,1386,1322,2
1424,1386,1529,3
1425,1386,1335,1
1426,1386,1229,3
1427,1386,1606,3
1428,1386,1359,1
1429,1386,1353,1
1430,1386,1354,2
1431,1386,1418,1
1432,1386,3998,4
1433,1386,1274,1
1434,1386,1435,1
1435,1386,1438,1
1436,1386,1273,2
1437,1657,1382,2
1438,3998,1386,4
1439,1274,1382,2
1440,1274,1386,1
1441,3953,1382,2
1442,1415,1382,2
1443,1415,1353,1
1444,1194,1382,2
1445,350,1382,2
1446,1253,1273,2
1447,1435,1354,1
1448,1435,1386,1
1449,1435,1273,1
1450,1438,1386,1
1451,1273,1324,3
1452,1273,580,2
1453,1273,3941,1
1454,1273,1382,4
1455,1273,1555,3
1456,1273,1335,3
1457,1273,1606,1
1458,1273,1386,2
1459,1273,1253,2
1460,1273,1435,1
1461,1273,1551,2
1462,1526,1382,2
1463,351,1382,3
1464,351,1353,1
1465,1551,1382,3
1466,1551,1353,2
1467,1551,1354,3
1468,1551,1273,2
1469,1250,1382,3
1470,1613,1335,2
1471,1246,1382,2
1472,1550,1382,2
1473,679,1382,2
1474,1208,1382,2
1475,302,1229,5
1476,1229,302,5
1477,580,1509,3
1478,580,1529,3
1479,580,1512,3
1480,3941,1551,2
1481,1538,1509,4
1482,1501,1529,2
1483,1382,1509,3
1484,1382,1512,4
1485,609,1551,4
1486,1509,580,3
1487,1509,1538,4
1488,1509,1382,3
1489,1509,1529,3
1490,1509,1335,2
1491,1509,1524,3
1492,1509,1562,2
1493,1509,1526,4
1494,1509,1551,3
1495,1509,1613,3
1496,1509,1550,3
1497,1529,580,3
1498,1529,1501,2
1499,1529,1509,3
1500,1529,1561,4
1501,1529,1512,2
1502,1335,1509,2
1503,1524,1509,3
1504,1561,1529,4
1505,1512,580,2
1506,1512,1382,4
1507,1512,1529,2
1508,1512,1526,3
1509,1512,351,2
1510,1512,1551,3
1511,1512,1550,3
1512,1562,1509,2
1513,1562,351,2
1514,1508,1526,2
1515,1508,1551,2
1516,1526,1509,4
1517,1526,1512,3
1518,1526,1508,2
1519,351,1512,2
1520,351,1562,2
1521,1551,3941,2
1522,1551,609,4
1523,1551,1509,3
1524,1551,1512,3
1525,1551,1508,2
1526,1613,1509,3
1527,1550,1509,3
1528,1550,1512,3
1529,1054,1057,3
1530,1230,421,2
1531,580,421,4
1532,580,1638,8
1533,580,1636,4
1534,737,421,5
1535,1218,421,4
1536,738,687,2
1537,738,421,2
1538,738,708,2
1539,738,728,2
1540,302,421,1
1541,302,1638,8
1542,1489,421,2
1543,609,421,3
1544,1200,421,2
1545,1555,421,2
1546,687,738,2
1547,687,421,1
1548,421,1230,2
1549,421,580,3
1550,421,737,5
1551,421,1218,4
1552,421,738,2
1553,421,302,1
1554,421,1489,2
1555,421,609,3
1556,421,1200,2
1557,421,1555,2
1558,421,687,1
1559,421,428,1
1560,421,429,1
1561,421,430,2
1562,421,433,2
1563,421,437,1
1564,421,432,2
1565,421,435,2
1566,421,669,1
1567,421,439,1
1568,421,1638,2
1569,421,1569,1
1570,421,1229,2
1571,421,442,2
1572,421,1524,1
1573,421,1354,2
1574,421,743,2
1575,421,446,2
1576,421,3953,2
1577,421,453,2
1578,421,455,2
1579,421,416,2
1580,421,460,1
1581,421,415,1
1582,421,458,1
1583,421,462,1
1584,421,3959,2
1585,421,679,2
1586,429,421,1
1587,430,421,2
1588,430,432,1
1589,433,421,2
1590,437,421,1
1591,432,421,2
1592,435,421,2
1593,669,421,1
1594,439,421,1
1595,1638,580,8
1596,1638,302,8
1597,1638,421,2
1598,1569,421,1
1599,1229,421,2
1600,1229,1250,4
1601,1229,1246,3
1602,442,421,2
1603,708,738,2
1604,1524,421,1
1605,1354,421,2
1606,743,421,2
1607,446,421,2
1608,1234,1229,2
1609,3953,421,2
1610,453,421,2
1611,455,421,2
1612,416,421,2
1613,460,421,1
1614,415,421,1
1615,458,421,1
1616,728,738,2
1617,462,421,1
1618,1250,1229,4
1619,1246,1229,3
1620,3959,421,2
1621,679,421,2
1622,628,580,2
1623,1230,1555,3
1624,1517,1529,1
1625,1517,1526,1
1626,580,628,2
1627,580,737,4
1628,580,608,2
1629,580,1538,3
1630,580,353,2
1631,580,344,2
1632,580,345,2
1633,580,1555,4
1634,580,1563,2
1635,580,352,2
1636,580,351,2
1637,580,1551,3
1638,4309,1555,1
1639,737,580,4
1640,1649,1657,2
1641,1218,1555,4
1642,1218,1529,1
1643,1218,3998,6
1644,1218,1057,5
1645,1506,1555,1
1646,1506,1529,1
1647,1216,1555,1
1648,608,580,2
1649,1538,580,3
1650,1538,1555,1
1651,1538,1655,2
1652,1538,1638,3
1653,353,580,2
1654,1501,1555,1
1655,1501,1526,2
1656,302,1555,6
1657,302,1529,4
1658,1489,1555,3
1659,1536,1555,2
1660,1519,1555,1
1661,1519,1529,1
1662,344,580,2
1663,9327,1529,1
1664,1652,1657,2
1665,609,1555,4
1666,1509,1555,6
1667,1509,1561,3
1668,345,580,2
1669,1555,1230,3
1670,1555,580,4
1671,1555,4309,1
1672,1555,1218,4
1673,1555,1506,1
1674,1555,1216,1
1675,1555,1538,1
1676,1555,1501,1
1677,1555,302,6
1678,1555,1489,3
1679,1555,1536,2
1680,1555,1519,1
1681,1555,609,4
1682,1555,1509,6
1683,1555,1563,1
1684,1555,340,3
1685,1555,1528,1
1686,1555,1655,2
1687,1555,1529,2
1688,1555,1638,3
1689,1555,629,2
1690,1555,1229,3
1691,1555,1606,4
1692,1555,346,2
1693,1555,1524,5
1694,1555,1561,1
1695,1555,1636,2
1696,1555,1657,3
1697,1555,1512,4
1698,1555,1562,1
1699,1555,1514,2
1700,1555,3953,2
1701,1555,1486,2
1702,1555,1194,3
1703,1555,1508,2
1704,1555,1526,2
1705,1555,1545,1
1706,1555,1551,2
1707,1555,1246,3
1708,1555,1550,1
1709,1555,679,2
1710,1563,580,2
1711,1563,1555,1
1712,340,1555,3
1713,340,1529,4
1714,1528,1555,1
1715,352,580,2
1716,1655,1538,2
1717,1655,1555,2
1718,1655,1657,2
1719,1655,1526,2
1720,1225,1229,5
1721,1220,1229,3
1722,1529,1517,1
1723,1529,1218,1
1724,1529,1506,1
1725,1529,302,4
1726,1529,1519,1
1727,1529,9327,1
1728,1529,1555,2
1729,1529,340,4
1730,1529,1657,2
1731,1529,1505,1
1732,1529,1514,2
1733,1529,1508,1
1734,1529,1545,1
1735,1529,1613,1
1736,1529,679,1
1737,1638,1538,3
1738,1638,1555,2
1739,1638,1524,3
1740,1638,1551,2
1741,629,1555,2
1742,629,1524,3
1743,1229,1555,3
1744,1229,1051,4
1745,1229,1225,5
1746,1229,1220,3
1747,1229,1054,5
1748,1229,3998,4
1749,1229,1057,5
1750,1606,1555,3
1751,346,1555,2
1752,1524,1555,6
1753,1524,1638,4
1754,1524,629,3
1755,1524,1636,2
1756,1524,3953,2
1757,1524,1194,2
1758,1561,1509,3
1759,1561,1555,1
1760,1561,1512,2
1761,1561,1526,2
1762,1561,1545,1
1763,1520,3953,2
1764,1656,1657,2
1765,1636,1555,2
1766,1636,1524,2
1767,1657,1649,2
1768,1657,1652,2
1769,1657,1555,3
1770,1657,1655,2
1771,1657,1529,2
1772,1657,1656,2
1773,1657,1659,2
1774,1657,1663,2
1775,3998,1218,6
1776,3998,1229,4
1777,1512,1555,4
1778,1512,1561,2
1779,1562,1555,1
1780,1505,1529,1
1781,1514,1555,2
1782,1514,1529,2
1783,1514,1526,1
1784,3953,1555,2
1785,3953,1524,2
1786,3953,1520,2
1787,3953,1551,2
1788,1486,1555,2
1789,1194,1555,3
1790,1194,1524,2
1791,1508,1555,2
1792,1508,1529,1
1793,1659,1657,2
1794,1057,1229,5
1795,1662,1657,2
1796,1526,1517,1
1797,1526,1501,2
1798,1526,1555,3
1799,1526,1655,2
1800,1526,1561,2
1801,1526,1514,1
1802,1545,1555,1
1803,1545,1529,1
1804,1545,1561,1
1805,1663,1657,2
1806,351,580,2
1807,1551,580,3
1808,1551,1555,1
1809,1551,1638,2
1810,1551,3953,2
1811,1613,1529,1
1812,1246,1555,3
1813,1550,1555,1
1814,679,1555,2
1815,679,1529,1
1816,628,607,1
1817,607,628,1
1818,607,738,1
1819,607,687,1
1820,608,302,1
1821,608,345,1
1822,608,346,1
1823,738,607,1
1824,302,608,1
1825,345,608,1
1826,687,607,1
1827,346,608,1
1828,5577,599,1
1829,599,5577,1
1830,737,687,4
1831,353,1273,1
1832,1273,353,1
1833,580,3953,2
1834,737,3953,3
1835,3941,3953,1
1836,1218,3953,1
1837,608,3953,1
1838,302,3953,2
1839,302,3959,4
1840,1489,3953,1
1841,609,3953,3
1842,687,3953,1
1843,1197,3953,1
1844,1606,3953,1
1845,1354,3953,1
1846,3958,3953,1
1847,3953,580,2
1848,3953,737,3
1849,3953,3941,1
1850,3953,1218,1
1851,3953,608,1
1852,3953,302,2
1853,3953,1489,1
1854,3953,609,3
1855,3953,687,1
1856,3953,1197,1
1857,3953,1606,1
1858,3953,1354,1
1859,3953,3958,1
1860,3953,460,1
1861,3953,415,1
1862,3953,1613,2
1863,3953,3959,1
1864,3953,679,2
1865,460,3953,1
1866,415,3953,1
1867,1613,3953,2
1868,3959,302,4
1869,3959,3953,1
1870,679,3953,2
1871,1501,1509,2
1872,1501,1512,2
1873,1509,1501,2
1874,1512,1501,2
1875,737,458,3
1876,737,462,4
1877,609,340,4
1878,340,609,4
1879,687,737,4
1880,458,737,3
1881,462,737,4
1882,1324,1361,1
1883,1361,1324,1
1884,1361,1270,1
1885,1403,1264,1
1886,1264,1403,1
1887,1264,1415,1
1888,1270,1361,1
1889,1270,1335,1
1890,1335,1270,1
1891,1415,1264,1
1892,580,1197,2
1893,1452,1197,1
1894,1197,580,2
1895,1197,1452,1
1896,1197,346,2
1897,1197,1657,3
1898,1197,1194,3
1899,346,340,3
1900,346,1197,2
1901,1657,1197,3
1902,1194,1197,3
1903,5597,738,2
1904,738,5597,2
1905,738,709,2
1906,738,707,2
1907,738,685,2
1908,738,721,2
1909,738,693,1
1910,738,746,2
1911,738,711,2
1912,691,746,2
1913,709,738,2
1914,707,738,2
1915,708,746,2
1916,685,738,2
1917,721,738,2
1918,693,738,1
1919,746,738,2
1920,746,691,2
1921,746,708,2
1922,711,738,2
1923,1055,340,2
1924,1055,352,2
1925,1055,371,1
1926,1055,350,2
1927,1055,337,1
1928,1474,345,1
1929,345,1474,1
1930,345,1197,1
1931,345,1226,2
1932,4091,340,2
1933,4091,342,1
1934,4091,350,2
1935,340,1055,2
1936,340,1474,1
1937,340,1200,3
1938,340,4091,2
1939,340,1051,2
1940,340,1458,2
1941,340,1054,2
1942,340,1472,2
1943,340,1053,1
1944,340,1206,3
1945,340,1056,2
1946,340,1226,2
1947,1051,340,2
1948,1051,352,2
1949,1051,371,1
1950,1051,350,2
1951,1051,337,1
1952,352,1055,2
1953,352,1051,2
1954,352,1458,2
1955,352,1197,1
1956,352,1472,2
1957,342,4091,1
1958,342,1472,1
1959,342,1226,1
1960,1452,337,2
1961,1458,340,2
1962,1458,352,2
1963,1458,350,2
1964,1458,337,1
1965,1197,345,1
1966,1197,352,1
1967,1197,337,1
1968,348,1460,1
1969,348,1054,1
1970,348,1472,2
1971,1054,340,2
1972,1054,348,1
1973,1054,371,1
1974,1054,350,2
1975,1054,337,2
1976,346,1474,1
1977,346,1053,1
1978,346,1226,2
1979,371,1055,1
1980,371,1051,1
1981,371,1054,1
1982,371,1056,1
1983,3998,337,2
1984,1472,340,2
1985,1472,352,2
1986,1472,342,1
1987,1472,348,2
1988,1472,350,2
1989,1472,337,1
1990,1053,340,1
1991,1053,346,1
1992,1206,340,3
1993,350,1055,2
1994,350,4091,2
1995,350,1051,2
1996,350,1458,2
1997,350,1054,2
1998,350,1472,2
1999,350,1056,2
2000,350,1226,2
2001,337,1055,1
2002,337,1460,1
2003,337,1051,1
2004,337,1452,2
2005,337,1458,1
2006,337,1197,1
2007,337,1054,2
2008,337,3998,2
2009,337,1472,1
2010,337,1056,3
2011,337,1226,1
2012,1056,340,2
2013,1056,371,1
2014,1056,350,2
2015,1056,337,3
2016,1226,345,2
2017,1226,340,2
2018,1226,342,2
2019,1226,346,2
2020,1226,350,2
2021,1226,337,1
2022,1746,1745,2
2023,628,608,3
2024,608,628,2
2025,608,610,1
2026,609,618,1
2027,610,608,1
2028,618,609,1
2029,628,1230,1
2030,628,1212,1
2031,628,609,2
2032,628,3998,1
2033,1230,628,1
2034,1230,737,2
2035,1230,609,4
2036,1230,687,2
2037,1230,679,1
2038,1324,737,1
2039,1212,628,1
2040,1212,737,2
2041,1212,608,2
2042,1212,344,1
2043,1212,609,3
2044,1212,687,1
2045,1212,421,1
2046,1212,5595,1
2047,1212,446,1
2048,1212,460,1
2049,1212,728,1
2050,737,1230,2
2051,737,1324,1
2052,737,1212,2
2053,737,3941,2
2054,737,1218,4
2055,737,1489,1
2056,737,1474,1
2057,737,609,3
2058,737,1509,1
2059,737,1200,2
2060,737,1626,1
2061,737,1555,2
2062,737,669,1
2063,737,724,2
2064,737,1197,1
2065,737,734,2
2066,737,1054,1
2067,737,708,2
2068,737,346,3
2069,737,1354,2
2070,737,1520,1
2071,737,1386,1
2072,737,3998,2
2073,737,1512,1
2074,737,1562,1
2075,737,1206,2
2076,737,337,1
2077,737,728,2
2078,737,1551,1
2079,737,3959,2
2080,3941,737,2
2081,3941,609,2
2082,3941,421,1
2083,1218,737,4
2084,1218,609,4
2085,1218,687,3
2086,1218,337,2
2087,1218,679,5
2088,608,1212,2
2089,1191,609,1
2090,1191,421,1
2091,1489,737,1
2092,1489,609,2
2093,344,1212,1
2094,1474,737,1
2095,1474,609,1
2096,1474,421,1
2097,609,628,2
2098,609,1230,4
2099,609,1212,3
2100,609,737,3
2101,609,3941,2
2102,609,1218,4
2103,609,1191,1
2104,609,1489,2
2105,609,1474,1
2106,609,1509,1
2107,609,599,3
2108,609,1626,1
2109,609,669,1
2110,609,612,1
2111,609,1638,3
2112,609,1054,1
2113,609,1229,3
2114,609,1606,1
2115,609,1354,2
2116,609,1386,1
2117,609,1562,1
2118,609,1206,2
2119,609,337,2
2120,609,1208,3
2121,1509,737,1
2122,1509,609,1
2123,1200,737,2
2124,599,609,3
2125,599,421,1
2126,1626,737,1
2127,1626,609,1
2128,1555,737,2
2129,1555,687,1
2130,687,1230,2
2131,687,1212,1
2132,687,1218,3
2133,687,1555,1
2134,687,1354,1
2135,421,1212,1
2136,421,3941,1
2137,421,1191,1
2138,421,1474,1
2139,421,599,1
2140,421,1386,1
2141,421,3998,1
2142,421,1206,1
2143,669,737,1
2144,669,609,1
2145,724,737,2
2146,612,609,1
2147,5595,1212,1
2148,1197,737,1
2149,1638,609,3
2150,734,737,2
2151,1054,737,1
2152,1054,609,1
2153,1229,609,3
2154,1606,609,1
2155,708,737,2
2156,346,737,3
2157,1354,737,2
2158,1354,609,2
2159,1354,687,1
2160,1520,737,1
2161,1386,737,1
2162,1386,609,1
2163,1386,421,1
2164,446,1212,1
2165,3998,628,1
2166,3998,737,2
2167,3998,421,1
2168,1512,737,1
2169,1562,737,1
2170,1562,609,1
2171,1206,737,2
2172,1206,609,2
2173,1206,421,1
2174,337,737,1
2175,337,1218,2
2176,337,609,2
2177,460,1212,1
2178,728,1212,1
2179,728,737,2
2180,1551,737,1
2181,3959,737,2
2182,679,1230,1
2183,679,1218,5
2184,1208,609,3
2185,1229,1218,4
2186,1055,599,2
2187,1055,596,2
2188,1230,599,2
2189,1230,596,2
2190,1230,603,2
2191,1212,599,2
2192,1212,596,1
2193,580,599,1
2194,580,596,1
2195,737,599,2
2196,3941,599,1
2197,1218,599,2
2198,1218,596,1
2199,1216,599,1
2200,1538,599,2
2201,1264,599,1
2202,1191,599,1
2203,302,599,1
2204,302,596,1
2205,1489,599,2
2206,1382,596,1
2207,1460,599,1
2208,1509,599,1
2209,1200,599,1
2210,599,1055,2
2211,599,1230,2
2212,599,1212,2
2213,599,580,1
2214,599,737,2
2215,599,3941,1
2216,599,1218,2
2217,599,1216,1
2218,599,1538,2
2219,599,1264,1
2220,599,1191,1
2221,599,302,1
2222,599,1489,2
2223,599,1460,1
2224,599,1509,1
2225,599,1200,1
2226,599,1626,2
2227,599,1555,1
2228,599,340,2
2229,599,1051,2
2230,599,352,1
2231,599,342,1
2232,599,1225,2
2233,599,601,1
2234,599,1529,1
2235,599,1638,2
2236,599,1054,2
2237,599,1335,1
2238,599,1229,3
2239,599,1353,1
2240,599,346,2
2241,599,1524,1
2242,599,1561,1
2243,599,1354,2
2244,599,1356,1
2245,599,3998,2
2246,599,1203,1
2247,599,1243,1
2248,599,350,1
2249,599,337,2
2250,599,1056,2
2251,599,1273,1
2252,599,1551,1
2253,599,1613,1
2254,599,1550,1
2255,599,679,1
2256,1626,599,2
2257,1626,596,2
2258,1626,603,2
2259,1555,599,1
2260,340,599,2
2261,1051,599,2
2262,352,599,1
2263,342,599,1
2264,1225,599,2
2265,601,599,1
2266,1529,599,1
2267,1638,599,2
2268,1638,596,1
2269,1054,599,2
2270,1335,599,1
2271,1229,599,3
2272,1353,599,1
2273,346,599,2
2274,346,596,1
2275,1524,599,1
2276,1561,599,1
2277,1354,599,2
2278,1354,596,1
2279,596,1055,2
2280,596,1230,2
2281,596,1212,1
2282,596,580,1
2283,596,1218,1
2284,596,302,1
2285,596,1382,1
2286,596,1626,2
2287,596,1638,1
2288,596,346,1
2289,596,1354,1
2290,596,3998,2
2291,1356,599,1
2292,3998,599,2
2293,3998,596,2
2294,1203,599,1
2295,1243,599,1
2296,603,1230,2
2297,603,1626,2
2298,350,599,1
2299,337,599,2
2300,1056,599,2
2301,1273,599,1
2302,1551,599,1
2303,1613,599,1
2304,1550,599,1
2305,679,599,1
2306,1197,1606,2
2307,1606,1197,2
2308,1501,346,2
2309,1563,346,2
2310,340,1550,2
2311,346,1501,2
2312,346,1563,2
2313,346,1551,2
2314,346,1550,2
2315,1551,346,2
2316,1550,340,2
2317,1550,346,2
2318,580,340,4
2319,737,340,3
2320,1218,340,4
2321,302,1382,2
2322,302,340,3
2323,1489,340,3
2324,1382,302,2
2325,345,340,2
2326,340,580,4
2327,340,737,3
2328,340,1218,4
2329,340,302,3
2330,340,1489,2
2331,340,345,2
2332,340,687,3
2333,340,1638,5
2334,340,1335,3
2335,340,1353,2
2336,340,346,2
2337,340,1524,2
2338,340,1657,3
2339,340,1273,2
2340,340,679,3
2341,687,340,3
2342,1638,340,4
2343,1335,340,2
2344,1353,340,2
2345,1524,340,2
2346,1657,340,3
2347,1194,340,3
2348,1273,340,2
2349,679,340,3
2350,1638,1230,3
2351,1638,1637,3
2352,1636,580,3
2353,1637,1638,3
2354,580,348,1
2355,1382,348,1
2356,1509,1510,1
2357,348,580,1
2358,348,1382,1
2359,1510,1509,1
2360,1510,1512,1
2361,1512,1510,1
2362,1512,1511,1
2363,1511,1512,1
2364,1511,1515,1
2365,1515,1511,1
2366,1230,1194,1
2367,580,1194,1
2368,1218,1194,2
2369,1191,1194,1
2370,1191,1196,1
2371,302,1194,1
2372,340,1194,2
2373,1229,1194,3
2374,1657,1194,3
2375,1198,1194,1
2376,3998,1194,1
2377,1194,1230,1
2378,1194,580,1
2379,1194,1218,2
2380,1194,1191,1
2381,1194,302,1
2382,1194,1229,3
2383,1194,1657,3
2384,1194,1198,1
2385,1194,3998,1
2386,1194,1196,1
2387,1194,1613,2
2388,1194,679,2
2389,1196,1191,1
2390,1196,1194,1
2391,1613,1194,2
2392,679,1194,2
2393,607,1230,1
2394,607,3998,1
2395,1055,1218,3
2396,1055,1525,1
2397,1055,1538,1
2398,1055,1367,1
2399,1055,304,1
2400,1055,585,1
2401,1055,4166,1
2402,1055,355,1
2403,1055,1229,3
2404,1055,600,1
2405,1055,4198,1
2406,1055,1243,2
2407,1055,1251,1
2408,1055,603,1
2409,1055,1253,1
2410,1055,1252,1
2411,1230,607,1
2412,1230,1218,3
2413,1230,1525,1
2414,1230,608,1
2415,1230,1538,1
2416,1230,353,1
2417,1230,302,5
2418,1230,1745,1
2419,1230,1367,1
2420,1230,1553,1
2421,1230,304,1
2422,1230,373,1
2423,1230,585,2
2424,1230,4166,1
2425,1230,3986,1
2426,1230,341,1
2427,1230,691,1
2428,1230,355,1
2429,1230,1225,2
2430,1230,669,1
2431,1230,708,1
2432,1230,1353,1
2433,1230,600,1
2434,1230,4198,1
2435,1230,347,1
2436,1230,699,1
2437,1230,1243,3
2438,1230,1251,1
2439,1230,458,1
2440,1230,1539,1
2441,1230,733,1
2442,1230,680,1
2443,1517,4309,1
2444,1517,1525,1
2445,1517,608,1
2446,1517,1538,1
2447,1517,1745,1
2448,1517,1367,1
2449,1517,1553,1
2450,1517,304,1
2451,1517,1534,1
2452,1517,373,1
2453,1517,599,1
2454,1517,585,1
2455,1517,3986,1
2456,1517,1222,1
2457,1517,691,1
2458,1517,355,1
2459,1517,1229,1
2460,1517,4198,1
2461,1517,699,1
2462,1517,1531,1
2463,1517,1562,1
2464,1517,1545,1
2465,1517,1539,1
2466,1212,1525,1
2467,1212,1538,1
2468,1212,353,1
2469,1212,302,4
2470,1212,1367,1
2471,1212,304,1
2472,1212,585,2
2473,1212,4166,1
2474,1212,3986,1
2475,1212,691,1
2476,1212,355,1
2477,1212,601,1
2478,1212,669,1
2479,1212,671,1
2480,1212,3956,1
2481,1212,582,1
2482,1212,600,1
2483,1212,4198,1
2484,1212,347,1
2485,1212,699,1
2486,1212,1243,1
2487,1212,603,1
2488,1212,458,1
2489,1212,733,1
2490,1212,711,1
2491,1212,8414,1
2492,1212,680,1
2493,4309,1517,1
2494,4309,304,1
2495,4309,4198,1
2496,4309,1515,1
2497,3941,1525,1
2498,3941,1198,1
2499,1218,1055,3
2500,1218,1230,3
2501,1218,1525,1
2502,1218,1538,3
2503,1218,302,5
2504,1218,1489,2
2505,1218,1367,1
2506,1218,1553,1
2507,1218,304,1
2508,1218,1051,3
2509,1218,1225,3
2510,1218,1054,3
2511,1218,1231,3
2512,1218,699,1
2513,1218,1636,5
2514,1218,1243,3
2515,1218,1251,3
2516,1218,1253,3
2517,1218,1056,3
2518,1218,1526,3
2519,1218,1539,1
2520,1218,1247,3
2521,1218,3959,2
2522,1218,8414,1
2523,1218,1226,3
2524,1506,1525,1
2525,1506,1538,1
2526,1506,1367,1
2527,1506,1553,1
2528,1506,304,1
2529,1506,585,1
2530,1506,1222,1
2531,1506,1562,1
2532,1506,1526,1
2533,1506,1539,1
2534,1525,1055,1
2535,1525,1230,1
2536,1525,1517,1
2537,1525,1212,1
2538,1525,3941,1
2539,1525,1218,1
2540,1525,1506,1
2541,1525,608,1
2542,1525,353,1
2543,1525,1501,1
2544,1525,1745,1
2545,1525,1489,1
2546,1525,1367,1
2547,1525,1519,1
2548,1525,1474,1
2549,1525,304,1
2550,1525,1509,1
2551,1525,599,1
2552,1525,585,1
2553,1525,1051,1
2554,1525,1222,1
2555,1525,691,1
2556,1525,355,1
2557,1525,1225,1
2558,1525,1458,1
2559,1525,669,1
2560,1525,364,1
2561,1525,1276,1
2562,1525,1054,1
2563,1525,441,1
2564,1525,1229,1
2565,1525,1606,1
2566,1525,4198,1
2567,1525,699,1
2568,1525,1636,1
2569,1525,3998,1
2570,1525,1512,1
2571,1525,1505,1
2572,1525,1472,1
2573,1525,3953,1
2574,1525,1243,1
2575,1525,1251,1
2576,1525,1486,1
2577,1525,1508,1
2578,1525,1253,1
2579,1525,337,1
2580,1525,1056,1
2581,1525,415,1
2582,1525,458,1
2583,1525,1515,1
2584,1525,1246,1
2585,1525,3959,2
2586,1525,8414,1
2587,1525,680,1
2588,1525,1252,1
2589,1280,304,1
2590,1280,599,1
2591,1280,699,1
2592,608,1230,1
2593,608,1517,1
2594,608,1525,1
2595,608,1489,1
2596,608,1352,1
2597,608,1460,1
2598,608,1474,1
2599,608,1553,1
2600,608,1626,1
2601,608,1222,1
2602,608,1606,1
2603,608,3998,1
2604,608,1562,1
2605,608,1056,1
2606,608,1539,1
2607,608,1209,1
2608,1538,1055,1
2609,1538,1230,1
2610,1538,1517,1
2611,1538,1212,1
2612,1538,1218,3
2613,1538,1506,1
2614,1538,1264,1
2615,1538,1501,1
2616,1538,1367,1
2617,1538,304,1
2618,1538,1225,1
2619,1538,669,1
2620,1538,1229,2
2621,1538,1606,1
2622,1538,4198,1
2623,1538,1636,1
2624,1538,3998,1
2625,1538,1512,1
2626,1538,1508,1
2627,1538,1253,1
2628,1538,1056,1
2629,1538,1515,1
2630,1538,1246,1
2631,1538,8414,1
2632,1538,680,1
2633,1264,1538,1
2634,1264,1553,1
2635,1264,304,1
2636,1264,1636,1
2637,1264,1253,1
2638,353,1230,1
2639,353,1212,1
2640,353,1525,1
2641,353,1360,1
2642,353,1460,1
2643,353,1474,1
2644,353,599,1
2645,353,1626,1
2646,353,1051,2
2647,353,1222,1
2648,353,1054,2
2649,353,699,1
2650,353,1636,1
2651,353,3953,1
2652,353,1486,1
2653,353,1056,2
2654,353,415,1
2655,353,458,1
2656,353,1539,1
2657,353,3959,1
2658,1501,1525,1
2659,1501,1538,1
2660,1501,1367,1
2661,1501,1519,1
2662,1501,1553,1
2663,1501,304,1
2664,1501,599,1
2665,1501,4166,1
2666,1501,1528,1
2667,1501,355,1
2668,1501,1606,1
2669,1501,582,1
2670,1501,4198,1
2671,1501,1562,1
2672,1501,1253,1
2673,1501,1545,1
2674,1501,1539,1
2675,1501,1246,1
2676,302,1230,4
2677,302,1212,4
2678,302,1218,5
2679,302,1636,5
2680,302,3998,4
2681,302,1539,1
2682,302,1246,3
2683,1423,599,1
2684,1745,1230,1
2685,1745,1517,1
2686,1745,1525,1
2687,1745,1367,1
2688,1745,1553,1
2689,1745,304,1
2690,1745,599,1
2691,1745,1222,1
2692,1745,3998,1
2693,1745,1515,1
2694,1489,1218,2
2695,1489,1525,1
2696,1489,608,1
2697,1489,1367,1
2698,1489,1553,1
2699,1489,304,2
2700,1489,1229,2
2701,1489,1562,1
2702,1489,458,1
2703,1489,1539,1
2704,1367,1055,1
2705,1367,1230,1
2706,1367,1517,1
2707,1367,1212,1
2708,1367,1218,1
2709,1367,1506,1
2710,1367,1525,1
2711,1367,1538,1
2712,1367,1501,1
2713,1367,1745,1
2714,1367,1489,1
2715,1367,1360,1
2716,1367,1519,1
2717,1367,1553,1
2718,1367,599,1
2719,1367,1626,1
2720,1367,1222,1
2721,1367,691,1
2722,1367,669,1
2723,1367,1638,1
2724,1367,1229,1
2725,1367,699,1
2726,1367,1636,1
2727,1367,3998,1
2728,1367,1562,1
2729,1367,1505,1
2730,1367,1203,1
2731,1367,603,1
2732,1367,1253,1
2733,1367,1056,1
2734,1367,1515,1
2735,1367,1545,1
2736,1367,1539,1
2737,1367,1246,1
2738,1367,3959,2
2739,1367,8414,1
2740,1367,1209,1
2741,1367,1252,1
2742,5591,599,1
2743,1360,353,1
2744,1360,1367,1
2745,1360,4198,1
2746,1360,699,1
2747,1519,1525,1
2748,1519,1501,1
2749,1519,1367,1
2750,1519,1553,1
2751,1519,304,1
2752,1519,1534,1
2753,1519,4166,1
2754,1519,1528,1
2755,1519,1222,1
2756,1519,355,1
2757,1519,669,1
2758,1519,3956,1
2759,1519,1229,1
2760,1519,1353,1
2761,1519,4198,1
2762,1519,1567,1
2763,1519,1531,1
2764,1519,1562,1
2765,1519,1505,1
2766,1519,1515,1
2767,1519,1539,1
2768,1352,608,1
2769,1352,304,1
2770,1352,599,1
2771,1352,585,1
2772,1352,1636,1
2773,1330,1636,1
2774,1460,608,1
2775,1460,353,1
2776,1460,1553,1
2777,1460,304,1
2778,1460,585,1
2779,1460,4198,1
2780,344,1222,1
2781,1474,1525,1
2782,1474,608,1
2783,1474,353,1
2784,1474,1553,1
2785,1474,304,1
2786,1474,599,1
2787,1474,585,1
2788,1474,3986,1
2789,1474,355,1
2790,1474,671,1
2791,1474,1353,1
2792,1474,4198,1
2793,1474,699,1
2794,1474,1198,1
2795,1474,1539,1
2796,1474,3959,1
2797,1474,8414,1
2798,1474,680,1
2799,1553,1230,1
2800,1553,1517,1
2801,1553,1218,1
2802,1553,1506,1
2803,1553,608,1
2804,1553,1264,1
2805,1553,1501,1
2806,1553,1745,1
2807,1553,1489,1
2808,1553,1367,1
2809,1553,1519,1
2810,1553,1460,1
2811,1553,1474,1
2812,1553,9327,1
2813,1553,304,1
2814,1553,599,1
2815,1553,585,1
2816,1553,4166,1
2817,1553,3986,1
2818,1553,691,1
2819,1553,355,1
2820,1553,1225,1
2821,1553,669,1
2822,1553,1229,1
2823,1553,1353,1
2824,1553,4198,1
2825,1553,699,1
2826,1553,1636,1
2827,1553,3998,1
2828,1553,674,1
2829,1553,1251,1
2830,1553,1486,1
2831,1553,1253,1
2832,1553,1515,1
2833,1553,1246,1
2834,1553,3959,1
2835,1553,8414,1
2836,1553,680,1
2837,9327,1553,1
2838,9327,304,1
2839,9327,599,1
2840,9327,355,1
2841,9327,3956,1
2842,9327,1562,1
2843,304,1055,1
2844,304,1230,1
2845,304,1517,1
2846,304,1212,1
2847,304,4309,1
2848,304,1218,1
2849,304,1506,1
2850,304,1525,1
2851,304,1280,1
2852,304,1538,1
2853,304,1264,1
2854,304,1501,1
2855,304,1745,1
2856,304,1489,2
2857,304,1519,1
2858,304,1352,1
2859,304,1460,1
2860,304,1474,1
2861,304,1553,1
2862,304,9327,1
2863,304,599,1
2864,304,1265,1
2865,304,1626,1
2866,304,1439,1
2867,304,1323,1
2868,304,1051,1
2869,304,1528,1
2870,304,1222,1
2871,304,1225,1
2872,304,669,1
2873,304,1213,1
2874,304,1054,1
2875,304,6493,1
2876,304,1229,1
2877,304,1359,1
2878,304,1353,1
2879,304,699,1
2880,304,1636,1
2881,304,1567,1
2882,304,1198,1
2883,304,1356,1
2884,304,3998,1
2885,304,1562,1
2886,304,1505,1
2887,304,1203,1
2888,304,1289,1
2889,304,1236,1
2890,304,1472,1
2891,304,1251,1
2892,304,1486,1
2893,304,1508,1
2894,304,1253,1
2895,304,1056,1
2896,304,1515,1
2897,304,1526,1
2898,304,1545,1
2899,304,1539,1
2900,304,1246,1
2901,304,3959,1
2902,304,1448,1
2903,304,8414,1
2904,304,1209,1
2905,304,1252,1
2906,304,1488,1
2907,1509,1525,1
2908,1509,585,1
2909,1509,1229,1
2910,1509,1353,1
2911,1509,1539,1
2912,1534,1517,1
2913,1534,1519,1
2914,1534,1515,1
2915,1309,1638,1
2916,1309,1636,1
2917,373,1230,1
2918,373,1517,1
2919,373,1626,1
2920,373,1222,1
2921,373,669,1
2922,373,1636,1
2923,599,1517,1
2924,599,1525,1
2925,599,1280,1
2926,599,353,1
2927,599,1501,1
2928,599,1423,1
2929,599,1745,1
2930,599,1367,1
2931,599,5591,1
2932,599,1352,1
2933,599,1474,1
2934,599,1553,1
2935,599,9327,1
2936,599,304,1
2937,599,585,1
2938,599,3986,1
2939,599,668,1
2940,599,1222,1
2941,599,355,1
2942,599,669,1
2943,599,671,1
2944,599,3956,1
2945,599,1213,1
2946,599,6493,1
2947,599,1227,1
2948,599,1606,1
2949,599,1418,1
2950,599,1636,1
2951,599,1657,2
2952,599,674,1
2953,599,1562,1
2954,599,1289,1
2955,599,1236,1
2956,599,3953,1
2957,599,675,1
2958,599,1251,1
2959,599,1253,1
2960,599,676,1
2961,599,1539,1
2962,599,1376,1
2963,599,1246,1
2964,599,3959,1
2965,599,8414,1
2966,599,680,1
2967,599,1209,1
2968,1350,1636,1
2969,1265,304,1
2970,585,1055,1
2971,585,1230,2
2972,585,1517,1
2973,585,1212,2
2974,585,1506,1
2975,585,1525,1
2976,585,1352,1
2977,585,1460,1
2978,585,1474,1
2979,585,1553,1
2980,585,1509,1
2981,585,599,1
2982,585,1626,2
2983,585,1222,1
2984,585,1225,2
2985,585,669,1
2986,585,1054,2
2987,585,1227,1
2988,585,1606,1
2989,585,1353,1
2990,585,600,1
2991,585,1636,1
2992,585,3998,2
2993,585,1562,1
2994,585,1236,1
2995,585,1253,1
2996,585,1515,1
2997,585,1539,1
2998,585,8414,1
2999,1626,608,1
3000,1626,353,1
3001,1626,1367,1
3002,1626,304,1
3003,1626,373,1
3004,1626,585,2
3005,1626,3986,1
3006,1626,355,1
3007,1626,601,1
3008,1626,1638,4
3009,1626,582,1
3010,1626,600,1
3011,1626,4198,1
3012,1626,1636,1
3013,4166,1055,1
3014,4166,1230,1
3015,4166,1212,1
3016,4166,1501,1
3017,4166,1519,1
3018,4166,1553,1
3019,4166,1222,1
3020,4166,1054,1
3021,4166,1636,1
3022,4166,1486,1
3023,4166,1056,1
3024,4166,1515,1
3025,4166,1209,1
3026,3986,1230,1
3027,3986,1517,1
3028,3986,1212,1
3029,3986,1474,1
3030,3986,1553,1
3031,3986,599,1
3032,3986,1626,1
3033,3986,1222,1
3034,3986,1636,1
3035,3986,3998,2
3036,3986,603,1
3037,3986,1056,1
3038,3986,1515,1
3039,341,1230,1
3040,341,1222,1
3041,1439,304,1
3042,1323,304,1
3043,1051,1218,3
3044,1051,1525,1
3045,1051,353,2
3046,1051,304,1
3047,1051,1229,3
3048,1051,4198,1
3049,1051,596,1
3050,1051,1562,1
3051,1051,603,1
3052,668,599,1
3053,668,596,1
3054,668,1562,1
3055,668,8414,1
3056,1528,1501,1
3057,1528,1519,1
3058,1528,304,1
3059,1528,1515,1
3060,1473,1198,1
3061,1222,1517,1
3062,1222,1506,1
3063,1222,1525,1
3064,1222,608,1
3065,1222,353,1
3066,1222,1745,1
3067,1222,1367,1
3068,1222,1519,1
3069,1222,344,1
3070,1222,304,1
3071,1222,373,1
3072,1222,599,1
3073,1222,585,1
3074,1222,4166,1
3075,1222,3986,1
3076,1222,341,1
3077,1222,586,1
3078,1222,355,1
3079,1222,1225,1
3080,1222,669,1
3081,1222,441,1
3082,1222,1606,1
3083,1222,582,1
3084,1222,4198,1
3085,1222,3998,1
3086,1222,674,1
3087,1222,1562,1
3088,1222,1505,1
3089,1222,726,1
3090,1222,1486,1
3091,1222,415,1
3092,1222,458,1
3093,1222,1515,1
3094,1222,680,1
3095,586,1222,1
3096,586,3998,2
3097,691,1230,1
3098,691,1517,1
3099,691,1212,1
3100,691,1525,1
3101,691,1367,1
3102,691,1553,1
3103,691,1606,1
3104,691,1353,1
3105,691,3998,1
3106,691,1562,1
3107,691,1209,1
3108,355,1055,1
3109,355,1230,1
3110,355,1517,1
3111,355,1212,1
3112,355,1525,1
3113,355,1501,1
3114,355,1519,1
3115,355,1474,1
3116,355,1553,1
3117,355,9327,1
3118,355,599,1
3119,355,1626,1
3120,355,1222,1
3121,355,1225,1
3122,355,601,1
3123,355,3956,1
3124,355,1638,1
3125,355,1359,1
3126,355,1636,1
3127,355,1193,1
3128,355,3998,1
3129,355,1562,1
3130,355,1505,1
3131,355,1203,1
3132,355,1236,1
3133,355,3953,1
3134,355,1243,1
3135,355,1251,1
3136,355,1486,1
3137,355,1508,1
3138,355,1056,1
3139,355,458,1
3140,355,1515,1
3141,355,1539,1
3142,355,1246,1
3143,355,1448,1
3144,355,1226,1
3145,355,1209,1
3146,1225,1230,1
3147,1225,1218,3
3148,1225,1525,1
3149,1225,1538,1
3150,1225,1553,1
3151,1225,304,1
3152,1225,585,2
3153,1225,1222,1
3154,1225,355,1
3155,1225,1353,1
3156,1225,4198,1
3157,1225,1562,1
3158,1225,1246,3
3159,1458,1525,1
3160,1458,669,1
3161,1458,3956,1
3162,601,1212,1
3163,601,1626,1
3164,601,355,1
3165,669,1230,1
3166,669,1212,1
3167,669,1525,1
3168,669,1538,1
3169,669,1367,1
3170,669,1519,1
3171,669,1553,1
3172,669,304,1
3173,669,373,1
3174,669,599,1
3175,669,585,1
3176,669,1222,1
3177,669,1458,1
3178,669,1229,1
3179,669,1606,1
3180,669,699,1
3181,669,1198,1
3182,669,1562,1
3183,669,603,1
3184,669,1515,1
3185,671,1212,1
3186,671,1474,1
3187,671,599,1
3188,3956,1212,1
3189,3956,1519,1
3190,3956,9327,1
3191,3956,599,1
3192,3956,355,1
3193,3956,1458,1
3194,3956,1606,1
3195,3956,600,1
3196,3956,1198,1
3197,3956,3998,1
3198,3956,1472,1
3199,3956,1515,1
3200,364,1525,1
3201,364,3998,1
3202,364,1562,1
3203,1276,1525,1
3204,1213,304,1
3205,1213,599,1
3206,1213,4198,1
3207,1399,1636,1
3208,1638,1367,1
3209,1638,1309,1
3210,1638,1626,4
3211,1638,355,1
3212,1638,1353,2
3213,1638,1636,4
3214,1638,1562,1
3215,1054,1218,3
3216,1054,1525,1
3217,1054,353,2
3218,1054,304,1
3219,1054,585,2
3220,1054,4166,1
3221,1054,4198,1
3222,1054,1636,1
3223,1054,596,1
3224,1054,1562,1
3225,1054,1243,3
3226,1054,1251,1
3227,1054,1253,4
3228,1054,1246,2
3229,441,1525,1
3230,441,1222,1
3231,441,4198,1
3232,6493,304,1
3233,6493,599,1
3234,6493,1636,1
3235,1229,1055,3
3236,1229,1517,1
3237,1229,1525,1
3238,1229,1538,2
3239,1229,1489,2
3240,1229,1367,1
3241,1229,1519,1
3242,1229,1553,1
3243,1229,304,1
3244,1229,1509,1
3245,1229,669,1
3246,1229,1606,1
3247,1229,1353,2
3248,1229,1636,6
3249,1229,1512,1
3250,1229,1562,1
3251,1229,1243,2
3252,1229,1056,2
3253,1231,1218,3
3254,1231,1246,2
3255,1227,599,1
3256,1227,585,1
3257,1606,1525,1
3258,1606,608,1
3259,1606,1538,1
3260,1606,1501,1
3261,1606,599,1
3262,1606,585,1
3263,1606,1222,1
3264,1606,691,1
3265,1606,669,1
3266,1606,3956,1
3267,1606,1229,1
3268,1606,1353,2
3269,1606,699,1
3270,1606,1562,1
3271,1606,1515,1
3272,1606,1526,1
3273,1606,1539,1
3274,1606,680,1
3275,708,1230,1
3276,1359,304,1
3277,1359,355,1
3278,1353,1230,1
3279,1353,1519,1
3280,1353,1474,1
3281,1353,1553,1
3282,1353,304,1
3283,1353,1509,1
3284,1353,585,1
3285,1353,691,1
3286,1353,1225,1
3287,1353,1638,2
3288,1353,1229,2
3289,1353,1606,2
3290,1353,1636,1
3291,1353,3998,3
3292,1353,1512,1
3293,1353,1253,1
3294,1353,1376,1
3295,1353,1246,1
3296,1353,8414,1
3297,1353,1209,1
3298,582,1212,1
3299,582,1501,1
3300,582,1626,1
3301,582,1222,1
3302,582,1636,1
3303,582,3998,1
3304,582,1056,1
3305,582,1515,1
3306,1354,603,1
3307,600,1055,1
3308,600,1230,1
3309,600,1212,1
3310,600,585,1
3311,600,1626,1
3312,600,3956,1
3313,600,1056,1
3314,4198,1055,1
3315,4198,1230,1
3316,4198,1517,1
3317,4198,1212,1
3318,4198,4309,1
3319,4198,1525,1
3320,4198,1538,1
3321,4198,1501,1
3322,4198,1360,1
3323,4198,1519,1
3324,4198,1460,1
3325,4198,1474,1
3326,4198,1553,1
3327,4198,1626,1
3328,4198,1051,1
3329,4198,1222,1
3330,4198,1225,1
3331,4198,1213,1
3332,4198,1054,1
3333,4198,441,1
3334,4198,1636,1
3335,4198,3998,1
3336,4198,1512,1
3337,4198,1562,1
3338,4198,1505,1
3339,4198,3953,1
3340,4198,1251,1
3341,4198,1486,1
3342,4198,1508,1
3343,4198,1056,1
3344,4198,1539,1
3345,4198,1246,1
3346,4198,1209,1
3347,1418,599,1
3348,347,1230,1
3349,347,1212,1
3350,699,1230,1
3351,699,1517,1
3352,699,1212,1
3353,699,1218,1
3354,699,1525,1
3355,699,1280,1
3356,699,353,1
3357,699,1367,1
3358,699,1360,1
3359,699,1474,1
3360,699,1553,1
3361,699,304,1
3362,699,669,1
3363,699,1606,1
3364,699,1198,1
3365,699,3998,1
3366,699,1562,1
3367,699,1472,1
3368,699,1205,1
3369,699,1486,1
3370,699,1539,1
3371,699,8414,1
3372,699,1209,1
3373,1636,1218,5
3374,1636,1525,1
3375,1636,1538,1
3376,1636,1264,1
3377,1636,353,1
3378,1636,302,5
3379,1636,1367,1
3380,1636,1352,1
3381,1636,1330,1
3382,1636,1553,1
3383,1636,304,1
3384,1636,1309,1
3385,1636,373,1
3386,1636,599,1
3387,1636,1350,1
3388,1636,585,1
3389,1636,1626,1
3390,1636,4166,1
3391,1636,3986,1
3392,1636,355,1
3393,1636,1399,1
3394,1636,1638,5
3395,1636,1054,1
3396,1636,6493,1
3397,1636,1229,6
3398,1636,1353,1
3399,1636,582,1
3400,1636,4198,1
3401,1636,3998,1
3402,1636,1435,1
3403,1636,1056,1
3404,1636,1376,1
3405,1636,1246,1
3406,1636,1374,1
3407,596,1051,1
3408,596,668,1
3409,596,1054,1
3410,596,1056,1
3411,596,3959,1
3412,596,680,1
3413,1657,599,2
3414,1193,355,1
3415,1567,1519,1
3416,1567,304,1
3417,1567,1515,1
3418,1198,3941,1
3419,1198,1474,1
3420,1198,304,1
3421,1198,1473,1
3422,1198,669,1
3423,1198,3956,1
3424,1198,699,1
3425,1198,1486,1
3426,1356,304,1
3427,1268,603,1
3428,1531,1517,1
3429,1531,1519,1
3430,1531,1515,1
3431,3998,607,1
3432,3998,1525,1
3433,3998,608,1
3434,3998,1538,1
3435,3998,302,4
3436,3998,1745,1
3437,3998,1367,1
3438,3998,1553,1
3439,3998,304,1
3440,3998,585,2
3441,3998,3986,2
3442,3998,1222,1
3443,3998,586,2
3444,3998,691,1
3445,3998,355,1
3446,3998,3956,1
3447,3998,364,1
3448,3998,1353,3
3449,3998,582,1
3450,3998,4198,1
3451,3998,699,1
3452,3998,1636,1
3453,3998,1236,1
3454,3998,1243,2
3455,3998,1251,1
3456,3998,603,1
3457,3998,8414,1
3458,1512,1525,1
3459,1512,1538,1
3460,1512,1229,1
3461,1512,1353,1
3462,1512,4198,1
3463,1512,1562,1
3464,1512,1253,1
3465,1512,1539,1
3466,674,1553,1
3467,674,599,1
3468,674,1222,1
3469,1562,1517,1
3470,1562,1506,1
3471,1562,608,1
3472,1562,1501,1
3473,1562,1489,1
3474,1562,1367,1
3475,1562,1519,1
3476,1562,9327,1
3477,1562,304,1
3478,1562,599,1
3479,1562,585,1
3480,1562,1051,1
3481,1562,668,1
3482,1562,1222,1
3483,1562,691,1
3484,1562,355,1
3485,1562,1225,1
3486,1562,669,1
3487,1562,364,1
3488,1562,1638,1
3489,1562,1054,1
3490,1562,1229,1
3491,1562,1606,1
3492,1562,4198,1
3493,1562,699,1
3494,1562,1512,1
3495,1562,1486,1
3496,1562,1508,1
3497,1562,1253,1
3498,1562,1056,1
3499,1562,1515,1
3500,1562,1246,1
3501,1562,8414,1
3502,1505,1525,1
3503,1505,1367,1
3504,1505,1519,1
3505,1505,304,1
3506,1505,1222,1
3507,1505,355,1
3508,1505,4198,1
3509,1203,1367,1
3510,1203,304,1
3511,1203,355,1
3512,1289,304,1
3513,1289,599,1
3514,1236,304,1
3515,1236,599,1
3516,1236,585,1
3517,1236,355,1
3518,1236,3998,1
3519,1472,1525,1
3520,1472,304,1
3521,1472,3956,1
3522,1472,699,1
3523,3953,1525,1
3524,3953,353,1
3525,3953,599,1
3526,3953,355,1
3527,3953,4198,1
3528,1205,699,1
3529,675,599,1
3530,1243,1055,2
3531,1243,1230,3
3532,1243,1212,1
3533,1243,1218,3
3534,1243,1525,1
3535,1243,355,1
3536,1243,1054,3
3537,1243,1229,2
3538,1243,3998,3
3539,1243,1253,1
3540,1243,1056,2
3541,1243,1246,1
3542,1251,1055,1
3543,1251,1230,1
3544,1251,1218,3
3545,1251,1525,1
3546,1251,1553,1
3547,1251,304,1
3548,1251,599,1
3549,1251,355,1
3550,1251,1054,1
3551,1251,4198,1
3552,1251,3998,1
3553,1251,1253,1
3554,1251,1056,1
3555,1251,1246,1
3556,726,1222,1
3557,1486,1525,1
3558,1486,353,1
3559,1486,1553,1
3560,1486,304,1
3561,1486,4166,1
3562,1486,1222,1
3563,1486,355,1
3564,1486,4198,1
3565,1486,699,1
3566,1486,1198,1
3567,1486,1562,1
3568,1486,8414,1
3569,603,1055,1
3570,603,1212,1
3571,603,1367,1
3572,603,3986,1
3573,603,1051,1
3574,603,669,1
3575,603,1354,1
3576,603,1268,1
3577,603,3998,1
3578,603,337,1
3579,603,1056,1
3580,603,8414,1
3581,603,680,1
3582,1508,1525,1
3583,1508,1538,1
3584,1508,304,1
3585,1508,355,1
3586,1508,4198,1
3587,1508,1562,1
3588,1508,1539,1
3589,1253,1055,1
3590,1253,1218,3
3591,1253,1525,1
3592,1253,1538,1
3593,1253,1264,1
3594,1253,1501,1
3595,1253,1367,1
3596,1253,1553,1
3597,1253,304,1
3598,1253,599,1
3599,1253,585,1
3600,1253,1054,4
3601,1253,1353,1
3602,1253,1512,1
3603,1253,1562,1
3604,1253,1243,1
3605,1253,1251,1
3606,1253,1056,1
3607,1435,1636,1
3608,337,1525,1
3609,337,603,1
3610,676,599,1
3611,1057,1218,4
3612,1056,1218,3
3613,1056,1525,1
3614,1056,608,1
3615,1056,1538,1
3616,1056,353,2
3617,1056,1367,1
3618,1056,304,1
3619,1056,4166,1
3620,1056,3986,1
3621,1056,355,1
3622,1056,1229,2
3623,1056,582,1
3624,1056,600,1
3625,1056,4198,1
3626,1056,1636,1
3627,1056,596,1
3628,1056,1562,1
3629,1056,1243,2
3630,1056,1251,1
3631,1056,603,1
3632,1056,1253,1
3633,1056,1246,1
3634,415,1525,1
3635,415,353,1
3636,415,1222,1
3637,458,1230,1
3638,458,1212,1
3639,458,1525,1
3640,458,353,1
3641,458,1489,1
3642,458,1222,1
3643,458,355,1
3644,1515,4309,1
3645,1515,1525,1
3646,1515,1538,1
3647,1515,1745,1
3648,1515,1367,1
3649,1515,1519,1
3650,1515,1553,1
3651,1515,304,1
3652,1515,1534,1
3653,1515,585,1
3654,1515,4166,1
3655,1515,3986,1
3656,1515,1528,1
3657,1515,1222,1
3658,1515,355,1
3659,1515,669,1
3660,1515,3956,1
3661,1515,1606,1
3662,1515,582,1
3663,1515,1567,1
3664,1515,1531,1
3665,1515,1562,1
3666,1515,1526,1
3667,1515,1545,1
3668,1515,1539,1
3669,1515,8414,1
3670,1526,1218,3
3671,1526,1506,1
3672,1526,304,1
3673,1526,1606,1
3674,1526,1515,1
3675,1545,1517,1
3676,1545,1501,1
3677,1545,1367,1
3678,1545,304,1
3679,1545,1515,1
3680,1545,1246,1
3681,1539,1230,1
3682,1539,1517,1
3683,1539,1218,1
3684,1539,1506,1
3685,1539,608,1
3686,1539,353,1
3687,1539,1501,1
3688,1539,302,1
3689,1539,1489,1
3690,1539,1367,1
3691,1539,1519,1
3692,1539,1474,1
3693,1539,304,1
3694,1539,1509,1
3695,1539,599,1
3696,1539,585,1
3697,1539,355,1
3698,1539,1606,1
3699,1539,4198,1
3700,1539,699,1
3701,1539,1512,1
3702,1539,1508,1
3703,1539,1515,1
3704,1539,1246,1
3705,1376,599,1
3706,1376,1353,1
3707,1376,1636,1
3708,1246,1525,1
3709,1246,1538,1
3710,1246,1501,1
3711,1246,302,3
3712,1246,1367,1
3713,1246,1553,1
3714,1246,304,1
3715,1246,599,1
3716,1246,355,1
3717,1246,1225,3
3718,1246,1054,2
3719,1246,1231,2
3720,1246,1353,1
3721,1246,4198,1
3722,1246,1636,1
3723,1246,1562,1
3724,1246,1243,1
3725,1246,1251,1
3726,1246,1056,1
3727,1246,1545,1
3728,1246,1539,1
3729,1247,1218,3
3730,3959,1218,2
3731,3959,1525,2
3732,3959,353,1
3733,3959,1367,2
3734,3959,1474,1
3735,3959,1553,1
3736,3959,304,1
3737,3959,599,1
3738,3959,596,1
3739,1448,304,1
3740,1448,355,1
3741,733,1230,1
3742,733,1212,1
3743,711,1212,1
3744,8414,1212,1
3745,8414,1218,1
3746,8414,1525,1
3747,8414,1538,1
3748,8414,1367,1
3749,8414,1474,1
3750,8414,1553,1
3751,8414,304,1
3752,8414,599,1
3753,8414,585,1
3754,8414,668,1
3755,8414,1353,1
3756,8414,699,1
3757,8414,3998,1
3758,8414,1562,1
3759,8414,1486,1
3760,8414,603,1
3761,8414,1515,1
3762,8414,680,1
3763,680,1230,1
3764,680,1212,1
3765,680,1525,1
3766,680,1538,1
3767,680,1474,1
3768,680,1553,1
3769,680,599,1
3770,680,1222,1
3771,680,1606,1
3772,680,596,1
3773,680,603,1
3774,680,8414,1
3775,1374,1636,1
3776,1226,1218,3
3777,1226,355,1
3778,1209,608,1
3779,1209,1367,1
3780,1209,304,1
3781,1209,599,1
3782,1209,4166,1
3783,1209,691,1
3784,1209,355,1
3785,1209,1353,1
3786,1209,4198,1
3787,1209,699,1
3788,1252,1055,1
3789,1252,1525,1
3790,1252,1367,1
3791,1252,304,1
3792,1488,304,1
3793,3941,1453,1
3794,3941,1463,1
3795,1446,1480,1
3796,1460,1470,1
3797,1455,1470,1
3798,1452,4191,1
3799,1452,1458,1
3800,1452,1469,1
3801,4191,1465,1
3802,1450,1469,2
3803,1450,1472,1
3804,1480,1446,1
3805,1480,1470,1
3806,1454,1488,1
3807,1453,3941,1
3808,1465,4191,1
3809,1465,1469,1
3810,1465,1486,1
3811,1469,1450,1
3812,1469,1465,1
3813,1469,1472,1
3814,1470,1460,1
3815,1470,1455,1
3816,1470,1480,1
3817,1472,1450,1
3818,1472,1476,1
3819,1486,1465,1
3820,1486,1482,1
3821,1482,1486,1
3822,1476,1472,2
3823,1488,1455,1
3824,1488,1454,1
3825,1230,1399,1
3826,1324,1399,2
3827,1191,302,1
3828,302,1055,1
3829,302,1191,1
3830,302,1460,1
3831,302,1474,1
3832,302,1200,1
3833,302,4091,1
3834,302,1225,3
3835,302,1468,1
3836,302,1458,1
3837,302,1276,1
3838,302,1213,1
3839,302,1054,1
3840,302,1231,1
3841,302,1198,1
3842,302,1236,1
3843,302,1472,1
3844,302,1056,1
3845,302,1196,1
3846,302,1488,1
3847,1460,302,1
3848,1460,1399,1
3849,1474,302,1
3850,1200,302,1
3851,1200,1399,1
3852,1626,1230,1
3853,4091,302,1
3854,1051,302,1
3855,1051,1056,2
3856,1222,302,1
3857,1452,1399,1
3858,1225,302,3
3859,1225,1231,1
3860,1468,1479,2
3861,1479,302,1
3862,1458,302,1
3863,1276,302,1
3864,1213,302,1
3865,309,1452,1
3866,309,1399,1
3867,309,3998,1
3868,309,1472,1
3869,1399,1324,2
3870,1399,1460,1
3871,1399,1200,1
3872,1399,1626,1
3873,1399,1051,1
3874,1399,1452,1
3875,1399,309,1
3876,1399,1472,1
3877,1399,1206,1
3878,1054,302,1
3879,1231,302,1
3880,1231,1222,1
3881,310,309,1
3882,1198,302,1
3883,3998,309,1
3884,3998,310,1
3885,1236,302,1
3886,1472,302,1
3887,1472,309,1
3888,1206,1399,1
3889,1056,302,1
3890,1056,1399,1
3891,1196,302,1
3892,1488,302,1
3893,345,629,2
3894,629,345,2
3895,739,687,1
3896,739,731,1
3897,715,724,1
3898,715,734,1
3899,687,739,1
3900,687,721,1
3901,724,715,1
3902,734,715,1
3903,734,721,1
3904,734,728,1
3905,708,731,1
3906,731,739,1
3907,731,708,1
3908,5593,728,1
3909,721,687,1
3910,721,734,1
3911,728,734,1
3912,728,5593,1
3913,1216,302,2
3914,302,1216,2
3915,302,609,4
3916,302,1524,4
3917,302,351,3
3918,609,302,4
3919,1524,302,4
3920,351,302,3
3921,1055,580,1
3922,1230,580,3
3923,1230,591,1
3924,1324,1520,1
3925,1212,580,3
3926,1212,591,1
3927,580,1055,1
3928,580,1230,3
3929,580,1324,1
3930,580,1212,3
3931,580,3941,2
3932,580,1218,5
3933,580,1501,1
3934,580,1460,1
3935,580,1474,1
3936,580,1626,1
3937,580,4091,1
3938,580,1051,1
3939,580,1222,1
3940,580,1452,1
3941,580,1225,3
3942,580,1610,1
3943,580,1450,1
3944,580,1468,1
3945,580,1479,1
3946,580,1458,1
3947,580,1454,1
3948,580,1054,1
3949,580,1606,2
3950,580,1561,1
3951,580,1198,1
3952,580,3998,3
3953,580,1562,1
3954,580,1470,1
3955,580,1472,1
3956,580,1486,1
3957,580,1476,1
3958,580,1053,1
3959,580,1508,1
3960,580,1253,3
3961,580,1056,1
3962,580,1526,1
3963,580,1246,3
3964,580,1550,1
3965,580,1488,1
3966,3941,580,2
3967,3941,585,1
3968,1218,580,5
3969,1218,585,1
3970,1218,591,1
3971,1538,585,1
3972,1501,580,1
3973,1489,591,1
3974,1460,580,1
3975,1460,1455,1
3976,1474,580,1
3977,1474,1488,1
3978,609,585,1
3979,1455,580,1
3980,1265,591,1
3981,585,3941,1
3982,585,1218,1
3983,585,1538,1
3984,585,609,1
3985,585,586,1
3986,585,1610,1
3987,585,1638,1
3988,585,1229,1
3989,585,1561,1
3990,585,1354,1
3991,585,591,1
3992,585,351,1
3993,585,1551,1
3994,585,1246,1
3995,1626,580,1
3996,1626,586,1
3997,1626,591,1
3998,1555,591,1
3999,4091,580,1
4000,1051,1055,1
4001,1051,580,1
4002,1222,580,1
4003,1222,591,1
4004,586,1626,1
4005,586,1054,1
4006,586,582,1
4007,1452,580,1
4008,1452,586,1
4009,1452,591,1
4010,1225,580,3
4011,1225,591,1
4012,1610,580,1
4013,1610,585,1
4014,1479,580,1
4015,1479,1448,1
4016,1458,580,1
4017,1454,1456,1
4018,1456,580,1
4019,1213,580,1
4020,1638,585,1
4021,1054,1055,3
4022,1054,580,1
4023,1229,585,1
4024,1229,591,1
4025,1469,580,1
4026,1606,580,2
4027,1359,591,1
4028,582,1452,1
4029,1561,580,1
4030,1561,585,1
4031,1354,585,1
4032,1354,591,1
4033,1520,580,1
4034,1198,580,1
4035,3998,580,3
4036,3998,591,1
4037,1512,1509,1
4038,1562,580,1
4039,1470,580,1
4040,1472,580,1
4041,1472,585,1
4042,591,1230,1
4043,591,1212,1
4044,591,1218,1
4045,591,1489,1
4046,591,1265,1
4047,591,585,1
4048,591,1626,1
4049,591,1555,1
4050,591,1222,1
4051,591,1452,1
4052,591,1225,1
4053,591,1229,1
4054,591,1359,1
4055,591,1354,1
4056,591,3998,1
4057,591,1472,1
4058,591,1206,1
4059,591,1438,1
4060,591,1613,1
4061,591,1246,1
4062,1486,580,1
4063,1053,580,1
4064,1206,591,1
4065,1508,1509,1
4066,1253,580,3
4067,1253,1213,2
4068,1056,580,1
4069,1056,1054,2
4070,1438,591,1
4071,1526,580,1
4072,351,585,1
4073,1551,585,1
4074,1613,591,1
4075,1246,580,3
4076,1246,585,1
4077,1246,591,1
4078,1448,580,1
4079,1550,580,1
4080,1488,580,1
4081,628,1218,2
4082,1055,1216,3
4083,1230,1216,2
4084,1230,352,2
4085,1230,1054,2
4086,1230,1335,2
4087,1230,1229,2
4088,1230,1058,2
4089,1230,1418,2
4090,1230,1386,3
4091,1230,1214,2
4092,1230,1057,3
4093,1230,1273,2
4094,1230,1246,1
4095,1212,1218,2
4096,1212,1216,2
4097,1212,1555,2
4098,1212,1225,2
4099,1212,1054,1
4100,1212,1229,1
4101,1212,1386,2
4102,580,1216,2
4103,737,1229,2
4104,1218,628,2
4105,1218,1212,2
4106,1218,1403,2
4107,1218,1216,2
4108,1218,1264,2
4109,1218,1501,2
4110,1218,1509,2
4111,1218,1200,2
4112,1218,338,2
4113,1218,373,2
4114,1218,1242,2
4115,1218,1563,2
4116,1218,1528,2
4117,1218,1223,2
4118,1218,1220,2
4119,1218,1213,2
4120,1218,348,2
4121,1218,6756,1
4122,1218,1399,2
4123,1218,1638,4
4124,1218,629,3
4125,1218,1335,3
4126,1218,1229,3
4127,1218,1606,2
4128,1218,1353,2
4129,1218,346,3
4130,1218,1524,4
4131,1218,1561,2
4132,1218,1354,3
4133,1218,1418,2
4134,1218,347,2
4135,1218,1386,2
4136,1218,1657,5
4137,1218,1214,2
4138,1218,1512,2
4139,1218,1562,2
4140,1218,6757,1
4141,1218,1415,2
4142,1218,1238,1
4143,1218,1273,2
4144,1218,1551,2
4145,1218,1250,2
4146,1218,1208,3
4147,1403,1218,2
4148,1216,1055,3
4149,1216,1230,2
4150,1216,1212,2
4151,1216,580,2
4152,1216,1218,2
4153,1216,1051,2
4154,1216,1225,3
4155,1216,1220,2
4156,1216,1054,3
4157,1216,1229,2
4158,1216,1524,2
4159,1216,1386,2
4160,1216,1243,2
4161,1216,1253,2
4162,1216,1057,3
4163,1216,351,2
4164,1216,1250,1
4165,1216,1246,1
4166,1538,1386,2
4167,1264,1218,2
4168,1264,1229,1
4169,1264,3998,3
4170,1501,1218,2
4171,1501,1563,2
4172,302,1243,2
4173,302,1551,3
4174,1519,1563,2
4175,1382,1214,2
4176,1382,1243,2
4177,609,1563,2
4178,1509,1218,2
4179,1509,1563,3
4180,1200,1218,2
4181,338,1218,2
4182,373,1218,2
4183,1242,1218,2
4184,1242,1229,1
4185,1555,1212,2
4186,1555,1418,4
4187,1555,1386,3
4188,1563,1218,2
4189,1563,1501,2
4190,1563,1519,2
4191,1563,609,2
4192,1563,1509,3
4193,1563,1229,2
4194,1563,1386,2
4195,1563,1512,3
4196,1563,351,2
4197,1051,1216,2
4198,1528,1218,2
4199,1223,1218,2
4200,1223,1229,1
4201,1223,1058,1
4202,1223,3998,3
4203,352,1230,2
4204,1225,1212,2
4205,1225,1216,2
4206,1225,1386,3
4207,7459,3998,1
4208,1220,1218,2
4209,1220,1216,2
4210,1220,1253,2
4211,1276,1229,1
4212,1213,1218,2
4213,1213,1229,2
4214,1213,1058,1
4215,348,1218,2
4216,6756,1218,1
4217,1399,1218,2
4218,1529,1229,1
4219,1638,1218,4
4220,1638,1229,6
4221,1638,1386,5
4222,1054,1230,2
4223,1054,1212,1
4224,1054,1216,3
4225,1054,1386,2
4226,629,1218,3
4227,1335,1230,2
4228,1335,1218,3
4229,1335,1229,2
4230,1335,3998,2
4231,1335,1253,3
4232,1229,1230,2
4233,1229,1212,1
4234,1229,737,2
4235,1229,1216,2
4236,1229,1264,1
4237,1229,1242,1
4238,1229,1563,2
4239,1229,1223,1
4240,1229,1276,1
4241,1229,1213,2
4242,1229,1529,1
4243,1229,1638,6
4244,1229,1335,2
4245,1229,1231,1
4246,1229,1227,1
4247,1229,1058,1
4248,1229,1524,3
4249,1229,1354,1
4250,1229,1418,1
4251,1229,1214,2
4252,1229,1234,1
4253,1229,5781,1
4254,1229,1251,1
4255,1229,1053,1
4256,1229,1253,1
4257,1229,1435,1
4258,1229,1273,1
4259,1229,1526,1
4260,1229,1551,1
4261,1229,1226,1
4262,1231,1229,1
4263,1227,1229,1
4264,1606,1218,2
4265,1058,1230,2
4266,1058,1223,1
4267,1058,1213,1
4268,1058,1229,1
4269,1353,1218,2
4270,346,1218,3
4271,1524,1218,4
4272,1524,1216,2
4273,1524,1229,3
4274,1561,1218,2
4275,1354,1218,3
4276,1354,1229,1
4277,1418,1230,2
4278,1418,1218,2
4279,1418,1555,4
4280,1418,1229,1
4281,1418,1253,3
4282,347,1218,2
4283,1636,1386,5
4284,1386,1230,3
4285,1386,1212,2
4286,1386,1218,2
4287,1386,1216,2
4288,1386,1538,2
4289,1386,1555,3
4290,1386,1563,2
4291,1386,1225,3
4292,1386,1638,5
4293,1386,1054,2
4294,1386,1636,5
4295,1386,1253,3
4296,1386,1057,1
4297,1386,1056,1
4298,1386,1246,2
4299,1657,1218,5
4300,1214,1230,2
4301,1214,1218,2
4302,1214,1382,2
4303,1214,1229,2
4304,1214,3998,2
4305,1214,1253,2
4306,1214,1246,2
4307,3998,1264,3
4308,3998,1223,3
4309,3998,7459,1
4310,3998,1335,2
4311,3998,1214,2
4312,3998,1273,2
4313,1512,1218,2
4314,1512,1563,3
4315,1562,1218,2
4316,6757,1218,1
4317,5781,1229,1
4318,1415,1218,2
4319,1243,1216,2
4320,1243,302,2
4321,1243,1382,2
4322,1243,1057,1
4323,1251,1229,1
4324,1238,1218,1
4325,1053,1229,1
4326,1253,1216,2
4327,1253,1220,2
4328,1253,1335,3
4329,1253,1229,1
4330,1253,1418,3
4331,1253,1386,3
4332,1253,1214,2
4333,1253,1057,3
4334,1253,1246,1
4335,1435,1229,1
4336,1057,1230,3
4337,1057,1216,3
4338,1057,1386,1
4339,1057,1243,1
4340,1057,1253,3
4341,1057,1246,1
4342,1056,1386,1
4343,1056,1250,1
4344,1273,1230,2
4345,1273,1218,2
4346,1273,1229,1
4347,1273,3998,2
4348,1526,1229,1
4349,351,1216,2
4350,351,1563,2
4351,1551,1218,2
4352,1551,302,3
4353,1551,1229,1
4354,1250,1218,2
4355,1250,1216,1
4356,1250,1056,1
4357,1246,1230,1
4358,1246,1216,1
4359,1246,1386,2
4360,1246,1214,2
4361,1246,1253,1
4362,1246,1057,1
4363,1226,1229,1
4364,1208,1218,3
4365,1538,1519,1
4366,1538,1520,1
4367,1519,1538,1
4368,1519,1561,1
4369,1519,1526,1
4370,1519,1550,1
4371,1382,1520,1
4372,1509,1606,3
4373,1555,1051,1
4374,1555,1520,1
4375,1051,1555,1
4376,1051,1524,1
4377,1051,1550,1
4378,1529,1606,2
4379,1529,1520,1
4380,1606,1509,3
4381,1606,1529,2
4382,1524,1051,1
4383,1524,1056,1
4384,1561,1519,1
4385,1561,1520,1
4386,1561,1551,2
4387,1561,1550,1
4388,1520,1538,1
4389,1520,1382,1
4390,1520,1555,1
4391,1520,1529,1
4392,1520,1561,1
4393,1520,1526,1
4394,1520,1550,1
4395,1056,1555,1
4396,1056,1524,1
4397,1526,1519,1
4398,1526,1520,1
4399,1551,1561,2
4400,1550,1519,1
4401,1550,1051,1
4402,1550,1561,1
4403,1550,1520,1
4404,1550,1056,1
4405,1517,1555,1
4406,1555,1517,1
4407,580,1569,1
4408,302,1569,2
4409,609,1569,2
4410,340,1569,2
4411,1569,580,1
4412,1569,302,2
4413,1569,609,2
4414,1569,340,2
4415,1569,346,2
4416,1569,1613,2
4417,1569,679,2
4418,346,1569,2
4419,1613,1569,2
4420,679,1569,2
4421,580,668,1
4422,580,669,1
4423,302,668,1
4424,302,680,1
4425,1367,675,1
4426,1382,680,1
4427,1200,679,1
4428,1555,675,1
4429,668,580,1
4430,668,302,1
4431,668,421,1
4432,668,669,1
4433,668,8832,1
4434,668,680,1
4435,421,668,1
4436,669,580,1
4437,669,668,1
4438,8832,668,1
4439,8832,1524,1
4440,1524,8832,1
4441,675,1367,1
4442,675,1555,1
4443,1206,679,1
4444,679,1200,1
4445,679,1206,1
4446,679,1209,1
4447,680,302,1
4448,680,1382,1
4449,680,668,1
4450,1209,679,1
4451,580,302,1
4452,580,1489,1
4453,580,687,1
4454,580,742,1
4455,580,629,1
4456,580,1229,3
4457,580,346,2
4458,580,347,1
4459,580,1657,2
4460,580,350,1
4461,580,415,2
4462,580,1613,2
4463,580,679,2
4464,302,580,1
4465,1489,580,1
4466,687,580,1
4467,742,580,1
4468,629,580,1
4469,1229,580,3
4470,346,580,2
4471,347,580,1
4472,1657,580,2
4473,350,580,1
4474,415,580,2
4475,1613,580,2
4476,679,580,2
4477,3941,1606,1
4478,302,1509,2
4479,302,1606,2
4480,1489,1606,2
4481,1509,302,2
4482,345,1606,2
4483,340,1606,2
4484,342,1606,1
4485,1606,3941,1
4486,1606,302,2
4487,1606,1489,2
4488,1606,345,2
4489,1606,340,2
4490,1606,342,1
4491,1606,346,2
4492,1606,351,1
4493,346,1606,2
4494,351,1606,1
4495,1055,629,1
4496,1230,1278,1
4497,1230,629,1
4498,1324,629,1
4499,1277,1323,1
4500,737,629,1
4501,1321,629,1
4502,1519,629,1
4503,1460,629,1
4504,1322,629,1
4505,609,629,2
4506,1200,629,1
4507,599,629,1
4508,1626,629,1
4509,1626,1226,1
4510,4091,629,1
4511,340,629,1
4512,1323,1277,1
4513,1323,629,1
4514,1051,629,1
4515,342,349,2
4516,1452,629,1
4517,1225,629,1
4518,1458,629,1
4519,1638,629,3
4520,1054,629,1
4521,629,1055,1
4522,629,1230,1
4523,629,1324,1
4524,629,737,1
4525,629,1321,1
4526,629,1519,1
4527,629,1460,1
4528,629,1322,1
4529,629,609,2
4530,629,1509,1
4531,629,1200,1
4532,629,599,1
4533,629,1626,1
4534,629,4091,1
4535,629,340,1
4536,629,1323,1
4537,629,1051,1
4538,629,1452,1
4539,629,1225,1
4540,629,1458,1
4541,629,1638,3
4542,629,1054,1
4543,629,1229,1
4544,629,1606,1
4545,629,346,2
4546,629,1561,1
4547,629,1354,1
4548,629,1636,2
4549,629,3998,1
4550,629,1472,1
4551,629,349,2
4552,629,1056,1
4553,629,351,2
4554,629,1196,1
4555,629,1613,2
4556,629,1226,1
4557,1229,629,1
4558,1606,629,1
4559,346,629,2
4560,1561,629,1
4561,1354,629,1
4562,1636,629,2
4563,3998,629,1
4564,1472,629,1
4565,349,342,2
4566,349,629,2
4567,1056,629,1
4568,351,629,2
4569,1196,629,1
4570,1613,629,2
4571,1226,1230,1
4572,1226,629,1
4573,1230,340,1
4574,4309,346,1
4575,1321,340,1
4576,1216,340,1
4577,1216,346,1
4578,608,340,2
4579,1538,340,1
4580,1538,346,1
4581,353,340,1
4582,353,346,1
4583,302,352,3
4584,302,342,2
4585,302,346,2
4586,1423,340,3
4587,1423,342,3
4588,1423,346,3
4589,1489,345,1
4590,1489,346,1
4591,1652,346,1
4592,609,346,2
4593,1200,340,2
4594,1200,346,2
4595,338,340,1
4596,338,346,1
4597,345,1489,1
4598,345,687,1
4599,345,1609,2
4600,345,1611,2
4601,345,1657,1
4602,345,1246,1
4603,1626,340,3
4604,382,340,1
4605,1563,340,1
4606,341,340,1
4607,341,346,1
4608,340,1230,1
4609,340,1321,1
4610,340,1216,1
4611,340,608,2
4612,340,1538,1
4613,340,353,1
4614,340,1423,3
4615,340,338,1
4616,340,1626,3
4617,340,382,1
4618,340,1563,1
4619,340,341,1
4620,340,668,2
4621,340,1609,2
4622,340,410,1
4623,340,352,1
4624,340,342,1
4625,340,1610,2
4626,340,669,2
4627,340,671,2
4628,340,348,1
4629,340,1611,2
4630,340,1359,1
4631,340,1354,1
4632,340,347,1
4633,340,1520,1
4634,340,1636,2
4635,340,1512,1
4636,340,674,2
4637,340,1203,2
4638,340,675,1
4639,340,350,1
4640,340,1612,2
4641,340,415,1
4642,340,1526,1
4643,340,1551,1
4644,340,680,2
4645,340,1209,2
4646,340,1208,2
4647,668,340,2
4648,668,346,2
4649,1528,346,1
4650,687,345,1
4651,687,346,2
4652,1609,345,2
4653,1609,340,2
4654,1609,346,2
4655,1609,350,2
4656,410,340,1
4657,352,302,3
4658,352,340,1
4659,352,346,1
4660,342,302,2
4661,342,1423,3
4662,342,340,2
4663,342,1638,2
4664,342,679,2
4665,1610,340,2
4666,669,340,2
4667,669,346,2
4668,671,340,2
4669,348,340,1
4670,348,346,1
4671,348,1613,2
4672,1638,342,2
4673,1638,346,2
4674,1611,345,2
4675,1611,340,2
4676,1335,346,1
4677,1359,340,1
4678,1353,346,1
4679,346,4309,1
4680,346,1216,1
4681,346,1538,1
4682,346,353,1
4683,346,302,2
4684,346,1423,3
4685,346,1489,1
4686,346,1652,1
4687,346,609,2
4688,346,1200,2
4689,346,338,1
4690,346,341,1
4691,346,668,2
4692,346,1528,1
4693,346,687,2
4694,346,1609,2
4695,346,352,1
4696,346,669,2
4697,346,348,1
4698,346,1638,3
4699,346,1335,1
4700,346,1353,1
4701,346,1524,1
4702,346,1354,1
4703,346,347,1
4704,346,1657,2
4705,346,371,1
4706,346,1512,1
4707,346,674,2
4708,346,1562,1
4709,346,772,1
4710,346,591,1
4711,346,1658,2
4712,346,1206,2
4713,346,350,1
4714,346,1508,1
4715,346,1273,1
4716,346,1526,1
4717,346,1545,1
4718,346,1663,1
4719,346,1246,1
4720,346,679,2
4721,346,680,2
4722,346,1209,2
4723,346,1208,2
4724,1524,346,1
4725,1354,340,1
4726,1354,346,1
4727,347,340,1
4728,347,346,1
4729,1520,340,1
4730,1636,340,2
4731,1657,345,1
4732,1657,346,2
4733,371,346,1
4734,1512,340,1
4735,1512,346,1
4736,674,340,2
4737,674,346,2
4738,1562,346,1
4739,772,346,1
4740,591,346,1
4741,675,340,1
4742,1658,346,2
4743,1194,346,1
4744,1206,346,2
4745,350,340,1
4746,350,1609,2
4747,350,346,2
4748,1508,346,1
4749,1612,340,2
4750,415,340,1
4751,1273,346,1
4752,1526,340,1
4753,1526,346,1
4754,1545,346,1
4755,1663,346,1
4756,351,1208,2
4757,1551,340,1
4758,1613,348,2
4759,1246,345,1
4760,1246,346,1
4761,679,342,2
4762,679,346,2
4763,680,340,2
4764,680,346,2
4765,1209,340,2
4766,1209,346,2
4767,1208,340,2
4768,1208,346,2
4769,1208,351,2
4770,737,679,1
4771,302,679,1
4772,1489,679,2
4773,668,679,1
4774,669,1613,2
4775,669,679,1
4776,671,679,1
4777,1197,679,1
4778,1638,679,2
4779,1229,679,1
4780,1524,679,1
4781,1354,679,1
4782,1657,679,2
4783,674,679,1
4784,675,679,1
4785,676,679,1
4786,415,679,1
4787,1613,669,2
4788,1613,679,2
4789,3959,679,1
4790,679,737,1
4791,679,302,1
4792,679,1489,2
4793,679,668,1
4794,679,669,1
4795,679,671,1
4796,679,1197,1
4797,679,1638,2
4798,679,1229,1
4799,679,1524,1
4800,679,1354,1
4801,679,1657,2
4802,679,674,1
4803,679,675,1
4804,679,676,1
4805,679,415,1
4806,679,1613,2
4807,679,3959,1
4808,679,680,1
4809,680,679,1
4810,1382,3959,1
4811,346,3959,1
4812,415,3959,3
4813,351,3959,1
4814,3959,1382,1
4815,3959,346,1
4816,3959,415,3
4817,3959,351,1
4818,1218,1423,2
4819,302,1423,3
4820,1423,1218,2
4821,1423,302,3
4822,1423,1555,2
4823,1423,1613,2
4824,1555,1423,2
4825,1613,1423,2
4826,1055,1054,2
4827,1055,1057,1
4828,4091,1054,2
4829,4091,1633,3
4830,1051,1054,2
4831,1051,1057,1
4832,5659,1057,1
4833,1638,1054,2
4834,1054,4091,2
4835,1054,1051,2
4836,1054,1638,2
4837,1054,1053,1
4838,1054,1056,1
4839,1054,1052,1
4840,1633,4091,3
4841,1053,1054,1
4842,1053,1057,2
4843,1057,1055,1
4844,1057,1051,1
4845,1057,5659,1
4846,1057,1054,2
4847,1057,1053,2
4848,1057,1052,1
4849,1056,1052,1
4850,1052,1054,1
4851,1052,1057,1
4852,1052,1056,1
4853,1745,1746,1
4854,1538,1613,1
4855,302,1613,2
4856,1489,1613,1
4857,1652,1613,2
4858,1200,1613,2
4859,1609,1613,1
4860,1655,1613,2
4861,1610,1613,1
4862,4322,1613,1
4863,1746,1613,1
4864,1638,1613,2
4865,1611,1613,1
4866,1561,1613,1
4867,1657,1613,2
4868,1512,1613,1
4869,1658,1613,2
4870,1206,1613,2
4871,1508,1613,1
4872,1196,1613,1
4873,1551,1613,1
4874,1613,1538,1
4875,1613,302,2
4876,1613,1489,1
4877,1613,1652,2
4878,1613,1200,2
4879,1613,1609,1
4880,1613,1655,2
4881,1613,1610,1
4882,1613,4322,1
4883,1613,1746,1
4884,1613,1638,2
4885,1613,1611,1
4886,1613,1561,1
4887,1613,1657,2
4888,1613,1512,1
4889,1613,1658,2
4890,1613,1206,2
4891,1613,1508,1
4892,1613,1196,1
4893,1613,1551,1
4894,1613,3959,1
4895,1613,1208,2
4896,3959,1613,1
4897,1208,1613,2
4898,580,1200,1
4899,580,1208,1
4900,3941,1200,1
4901,3941,1206,1
4902,1538,1208,2
4903,302,1208,2
4904,4160,1208,1
4905,1382,1200,1
4906,1382,1206,1
4907,1200,580,1
4908,1200,3941,1
4909,1200,1382,1
4910,1200,1555,1
4911,1200,1202,1
4912,1200,1205,1
4913,1200,1551,1
4914,1200,1208,1
4915,1555,1200,1
4916,1555,1206,1
4917,1335,1206,1
4918,1202,1200,1
4919,1202,1206,1
4920,1202,1208,1
4921,1203,340,1
4922,1203,1209,1
4923,1203,1208,1
4924,1205,1206,1
4925,1205,1208,1
4926,1206,3941,1
4927,1206,1382,1
4928,1206,1200,1
4929,1206,1555,1
4930,1206,1335,1
4931,1206,1202,1
4932,1206,1208,1
4933,1551,1200,1
4934,1209,1203,1
4935,1209,1208,1
4936,1208,580,1
4937,1208,1538,2
4938,1208,302,2
4939,1208,4160,1
4940,1208,1200,1
4941,1208,1202,1
4942,1208,1205,1
4943,1208,1206,1
4944,1208,1209,1
4945,580,711,1
4946,737,415,2
4947,302,415,2
4948,609,415,2
4949,1354,415,1
4950,1206,415,1
4951,415,737,2
4952,415,302,2
4953,415,609,2
4954,415,1354,1
4955,415,1206,1
4956,711,580,1
4957,1382,1524,2
4958,1524,1382,2
4959,1489,1208,1
4960,1208,1489,1
4961,302,1657,2
4962,1489,1657,1
4963,1229,1657,3
4964,1354,1657,1
4965,1657,302,2
4966,1657,1489,1
4967,1657,1229,3
4968,1657,1354,1
4969,1657,1486,1
4970,1658,1657,1
4971,1486,1657,1
4972,1230,1638,2
4973,580,1633,1
4974,737,1638,2
4975,1216,1638,4
4976,4091,1638,4
4977,4091,1636,3
4978,340,1633,1
4979,1628,1638,2
4980,1638,737,2
4981,1638,1216,3
4982,1638,4091,4
4983,1638,1628,2
4984,1638,1633,2
4985,1638,1634,2
4986,1638,1617,2
4987,1638,1253,2
4988,1638,1629,2
4989,1638,1246,2
4990,346,1636,1
4991,1636,4091,3
4992,1636,346,1
4993,1636,1633,2
4994,1636,1629,2
4995,1386,1633,1
4996,1633,580,1
4997,1633,737,1
4998,1633,340,1
4999,1633,1638,2
5000,1633,1636,2
5001,1633,1386,1
5002,1634,1629,3
5003,1617,1633,3
5004,1253,1638,3
5005,1629,1638,2
5006,1629,1636,2
5007,1246,1638,3
5008,1382,1054,1
5009,1054,1382,1
5010,628,737,1
5011,607,609,1
5012,5597,737,1
5013,737,628,1
5014,737,5597,1
5015,737,608,1
5016,737,1538,1
5017,737,302,1
5018,737,707,1
5019,737,1529,1
5020,737,1606,1
5021,737,5593,1
5022,737,446,1
5023,737,1203,1
5024,737,685,1
5025,737,721,1
5026,737,726,1
5027,737,460,2
5028,1280,609,1
5029,608,737,1
5030,608,609,1
5031,1538,737,1
5032,1538,609,1
5033,353,609,1
5034,302,737,1
5035,609,607,1
5036,609,1280,1
5037,609,608,1
5038,609,1538,1
5039,609,353,1
5040,609,668,1
5041,609,687,1
5042,609,352,1
5043,609,342,2
5044,609,1529,1
5045,609,742,1
5046,609,1524,2
5047,609,1657,1
5048,609,3958,1
5049,609,674,1
5050,609,350,1
5051,609,460,1
5052,609,680,1
5053,687,609,1
5054,687,3998,1
5055,687,1206,1
5056,352,609,1
5057,342,609,2
5058,707,737,1
5059,1529,737,1
5060,1529,609,1
5061,742,609,1
5062,1606,737,1
5063,1524,609,2
5064,5593,737,1
5065,1657,609,1
5066,446,737,1
5067,3958,609,1
5068,3998,687,1
5069,674,609,1
5070,1203,737,1
5071,685,737,1
5072,721,737,1
5073,726,737,1
5074,1206,687,1
5075,350,609,1
5076,460,737,2
5077,460,609,1
5078,680,609,1
5079,1321,302,1
5080,1538,302,1
5081,738,302,2
5082,302,1321,1
5083,302,1538,1
5084,302,738,2
5085,302,1489,1
5086,302,1626,2
5087,302,1563,1
5088,302,687,3
5089,302,1353,1
5090,302,1561,2
5091,302,1354,2
5092,302,1512,1
5093,302,1253,1
5094,302,1435,2
5095,302,1273,2
5096,302,1526,1
5097,1489,302,1
5098,1626,302,2
5099,1563,302,1
5100,687,302,2
5101,1353,302,1
5102,1561,302,2
5103,1354,302,2
5104,1512,302,1
5105,1253,302,1
5106,1435,302,1
5107,1273,302,2
5108,1526,302,2
5109,5793,1625,1
5110,5793,1628,1
5111,1625,5793,1
5112,1625,1628,1
5113,1625,1633,1
5114,1625,1629,1
5115,1627,1629,1
5116,1628,5793,1
5117,1628,1625,1
5118,1628,1633,1
5119,1628,1629,1
5120,1633,1625,1
5121,1633,1628,1
5122,1633,1634,1
5123,1633,1639,1
5124,1633,1617,1
5125,1633,1629,1
5126,1634,1633,1
5127,1639,1633,1
5128,1639,1629,1
5129,1629,1625,1
5130,1629,1627,1
5131,1629,1628,1
5132,1629,1633,1
5133,1629,1634,1
5134,1629,1639,1
5135,1055,353,1
5136,374,1353,1
5137,353,1055,1
5138,353,4091,1
5139,353,1225,1
5140,353,348,1
5141,353,1613,1
5142,339,1051,1
5143,339,1054,1
5144,339,3998,1
5145,339,1056,1
5146,4091,353,1
5147,1051,339,1
5148,1225,353,1
5149,400,3998,1
5150,348,353,1
5151,1054,339,1
5152,1353,374,1
5153,3998,339,1
5154,3998,400,1
5155,3998,772,1
5156,772,3998,1
5157,1056,339,1
5158,1273,362,1
5159,1613,353,1
5160,362,1273,1
5161,1425,1273,1
5162,1409,1335,1
5163,1335,1409,1
5164,1273,1425,1
5165,1265,1279,1
5166,1320,1353,1
5167,1320,1273,1
5168,1371,1335,1
5169,1270,1354,1
5170,1270,1386,1
5171,1335,1371,1
5172,1353,1320,1
5173,1353,1274,1
5174,1524,1273,1
5175,1354,1270,1
5176,1386,1270,1
5177,1386,1279,1
5178,1279,1265,1
5179,1279,1386,1
5180,1274,1353,1
5181,1273,1320,1
5182,1273,1524,1
5183,738,5593,1
5184,5593,738,1
5185,351,728,1
5186,728,351,1
5187,3941,1386,2
5188,1489,1386,1
5189,1509,1386,1
5190,1200,1386,1
5191,1626,1386,2
5192,1452,1335,1
5193,1452,1418,1
5194,1452,1386,1
5195,1399,1551,1
5196,1638,1418,1
5197,1335,1452,1
5198,1335,1636,2
5199,1606,1418,1
5200,1561,1386,2
5201,1418,1452,1
5202,1418,1638,1
5203,1418,1606,1
5204,1418,1636,1
5205,1418,351,1
5206,1418,1551,2
5207,1636,1335,2
5208,1636,1418,1
5209,1386,3941,2
5210,1386,1489,1
5211,1386,1509,1
5212,1386,1200,1
5213,1386,1626,2
5214,1386,1452,1
5215,1386,1561,2
5216,1386,1512,2
5217,1386,1562,2
5218,1386,1551,2
5219,1512,1386,2
5220,1562,1386,2
5221,351,1418,1
5222,1551,1399,1
5223,1551,1418,2
5224,1551,1386,2
5225,1264,1638,2
5226,1489,1638,1
5227,345,1638,1
5228,1220,1638,1
5229,1638,1264,2
5230,1638,1489,1
5231,1638,345,1
5232,1638,1220,1
5233,1638,1335,2
5234,1638,1354,2
5235,1638,1657,1
5236,1638,337,2
5237,1638,1273,1
5238,1335,1638,2
5239,1354,1638,3
5240,1657,1638,1
5241,337,1638,2
5242,1273,1638,1
5243,1230,1423,1
5244,1230,1524,1
5245,1230,337,1
5246,1517,1524,1
5247,1324,1423,1
5248,1324,1382,1
5249,1212,1423,1
5250,580,1524,1
5251,580,337,1
5252,3941,342,1
5253,3941,337,1
5254,1506,1423,1
5255,1506,1524,1
5256,1321,1382,1
5257,1321,1273,2
5258,1280,1382,1
5259,1264,302,1
5260,1264,1423,1
5261,1264,1524,1
5262,1501,1382,1
5263,1501,1524,1
5264,302,1264,1
5265,302,337,1
5266,1423,1230,1
5267,1423,1324,1
5268,1423,1212,1
5269,1423,1506,1
5270,1423,1264,1
5271,1423,1489,1
5272,1423,1519,1
5273,1423,609,1
5274,1423,338,1
5275,1423,1626,1
5276,1423,1051,2
5277,1423,669,1
5278,1423,1197,1
5279,1423,1638,1
5280,1423,1229,1
5281,1423,1359,1
5282,1423,1561,1
5283,1423,1354,1
5284,1423,1418,1
5285,1423,1520,1
5286,1423,1636,1
5287,1423,1243,1
5288,1423,1486,1
5289,1423,1206,1
5290,1423,1253,1
5291,1423,337,1
5292,1423,1273,1
5293,1423,1551,1
5294,1489,1423,1
5295,1489,337,1
5296,1519,1423,1
5297,1519,1524,1
5298,1519,337,1
5299,1382,1324,1
5300,1382,1321,1
5301,1382,1280,1
5302,1382,1501,1
5303,1382,669,1
5304,1382,1636,1
5305,1382,1056,1
5306,609,1423,1
5307,338,1423,1
5308,1626,1423,1
5309,1555,337,1
5310,1051,1423,2
5311,342,3941,1
5312,1452,1524,1
5313,1225,1524,1
5314,1468,1524,1
5315,669,1423,1
5316,669,1382,1
5317,1197,1423,1
5318,1197,1524,1
5319,1638,1423,1
5320,1335,337,1
5321,1229,1423,1
5322,1229,337,1
5323,1359,1423,1
5324,1524,1230,1
5325,1524,1517,1
5326,1524,580,1
5327,1524,1506,1
5328,1524,1264,1
5329,1524,1501,1
5330,1524,1519,1
5331,1524,1452,1
5332,1524,1225,1
5333,1524,1468,1
5334,1524,1197,1
5335,1524,1561,1
5336,1524,1520,1
5337,1524,3998,1
5338,1524,1512,1
5339,1524,1508,1
5340,1524,337,1
5341,1561,1423,1
5342,1561,1524,1
5343,1561,1354,1
5344,1561,337,1
5345,1354,1423,1
5346,1354,1561,1
5347,1354,1520,1
5348,1354,337,1
5349,1418,1423,1
5350,1520,1423,1
5351,1520,1524,1
5352,1520,1354,1
5353,1520,337,1
5354,1636,1423,1
5355,1636,1382,1
5356,1386,337,1
5357,3998,1524,1
5358,1512,1524,1
5359,1562,337,1
5360,1243,1423,1
5361,1486,1423,1
5362,1486,337,1
5363,1194,337,1
5364,1206,1423,1
5365,1508,1524,1
5366,1253,1423,1
5367,337,1230,1
5368,337,580,1
5369,337,3941,1
5370,337,302,1
5371,337,1423,1
5372,337,1489,1
5373,337,1519,1
5374,337,1555,1
5375,337,1335,1
5376,337,1229,1
5377,337,1524,1
5378,337,1561,1
5379,337,1354,1
5380,337,1520,1
5381,337,1386,1
5382,337,1562,1
5383,337,1486,1
5384,337,1194,1
5385,337,1612,1
5386,337,1551,1
5387,1612,337,1
5388,1056,1382,1
5389,1273,1321,2
5390,1273,1423,1
5391,1551,1423,1
5392,1551,337,1
5393,1313,1386,1
5394,1386,1313,1
5395,1055,1214,1
5396,1212,1056,1
5397,1218,1219,1
5398,1219,1218,1
5399,1219,1229,1
5400,1213,1253,1
5401,1229,1219,1
5402,1214,1055,1
5403,1214,1056,1
5404,3998,1252,1
5405,1243,1225,1
5406,1056,1212,1
5407,1056,1214,1
5408,1247,3998,1
5409,1252,3998,1
5410,1555,8832,1
5411,8832,1555,1
5412,1230,1264,1
5413,1324,1403,1
5414,1324,1264,1
5415,1324,1412,1
5416,1324,1359,1
5417,1324,1435,1
5418,4309,1509,1
5419,1403,1324,1
5420,1403,1321,1
5421,1321,1403,1
5422,1321,1264,1
5423,1321,1435,1
5424,1216,1551,1
5425,1280,1435,1
5426,1264,1230,1
5427,1264,1324,1
5428,1264,1321,1
5429,1264,1322,1
5430,1264,1563,1
5431,1264,1323,1
5432,1264,346,1
5433,1264,1520,1
5434,1264,1512,1
5435,1264,1056,1
5436,1264,1551,1
5437,1501,1551,1
5438,1501,1550,1
5439,1412,1324,1
5440,1322,1264,1
5441,1509,4309,1
5442,1509,1528,1
5443,1563,1264,1
5444,1563,1418,1
5445,1323,1264,1
5446,1051,1418,1
5447,1528,1509,1
5448,1528,1561,1
5449,1528,1520,1
5450,1528,1512,1
5451,1479,1551,1
5452,1510,1551,1
5453,1359,1324,1
5454,346,1264,1
5455,346,1418,1
5456,1561,1528,1
5457,1561,1418,1
5458,1418,1563,1
5459,1418,1051,1
5460,1418,346,1
5461,1418,1561,1
5462,1418,1520,1
5463,1418,1356,1
5464,1418,3998,1
5465,1418,1512,1
5466,1418,1056,1
5467,1418,1246,1
5468,1520,1264,1
5469,1520,1528,1
5470,1520,1418,1
5471,1520,1551,1
5472,1356,1418,1
5473,3998,1418,1
5474,1512,1264,1
5475,1512,1528,1
5476,1512,1418,1
5477,1512,1435,1
5478,1511,1551,1
5479,1514,1551,1
5480,1435,1324,1
5481,1435,1321,1
5482,1435,1280,1
5483,1435,1512,1
5484,1056,1264,1
5485,1056,1418,1
5486,1551,1216,1
5487,1551,1264,1
5488,1551,1501,1
5489,1551,1479,1
5490,1551,1510,1
5491,1551,1520,1
5492,1551,1511,1
5493,1551,1514,1
5494,1246,1418,1
5495,1550,1501,1
5496,737,714,1
5497,737,5594,1
5498,737,703,1
5499,737,698,1
5500,353,341,1
5501,714,737,1
5502,714,698,1
5503,341,353,1
5504,341,350,1
5505,421,448,1
5506,1452,3953,1
5507,1452,415,1
5508,1452,3959,1
5509,5594,737,1
5510,5594,5596,1
5511,703,737,1
5512,734,6737,1
5513,356,351,1
5514,698,737,1
5515,698,714,1
5516,6737,734,1
5517,6737,415,1
5518,448,421,1
5519,3953,1452,1
5520,350,341,1
5521,415,1452,1
5522,415,6737,1
5523,415,5596,1
5524,415,413,1
5525,351,356,1
5526,5596,5594,1
5527,5596,415,1
5528,413,415,1
5529,3959,1452,1
5530,1230,1489,1
5531,1517,1657,1
5532,1647,1525,1
5533,1218,1652,1
5534,1218,668,1
5535,1218,671,1
5536,1218,674,1
5537,1218,1663,1
5538,1525,1647,1
5539,1525,1652,1
5540,1525,1654,1
5541,1525,668,1
5542,1525,671,1
5543,1525,1657,1
5544,1525,1194,1
5545,1525,1663,1
5546,1525,679,1
5547,1538,1652,1
5548,1538,1657,1
5549,1538,1194,1
5550,1538,1663,1
5551,1501,1489,1
5552,1501,1657,1
5553,1489,1230,1
5554,1489,1501,1
5555,1489,1509,1
5556,1489,373,1
5557,1489,585,1
5558,1489,691,1
5559,1489,355,1
5560,1489,1197,1
5561,1489,708,1
5562,1489,1524,1
5563,1489,1561,1
5564,1489,699,1
5565,1489,1486,1
5566,1367,1652,1
5567,1367,668,1
5568,1367,671,1
5569,1367,1657,1
5570,1367,674,1
5571,1367,1194,1
5572,1367,1662,1
5573,1367,1663,1
5574,1367,679,1
5575,1367,680,1
5576,344,668,1
5577,344,671,1
5578,1553,1652,1
5579,1553,671,1
5580,1553,1657,1
5581,1553,1663,1
5582,1652,1218,1
5583,1652,1525,1
5584,1652,1538,1
5585,1652,1367,1
5586,1652,1553,1
5587,1652,304,1
5588,1652,373,1
5589,1652,585,1
5590,1652,1229,1
5591,1652,1539,1
5592,1652,1246,1
5593,1652,1252,1
5594,1654,1525,1
5595,304,1652,1
5596,304,1569,1
5597,304,1657,1
5598,304,1194,1
5599,304,679,1
5600,1509,1489,1
5601,1509,1657,1
5602,1534,1657,1
5603,1490,585,1
5604,373,1489,1
5605,373,1652,1
5606,373,668,1
5607,373,671,1
5608,373,1657,1
5609,373,1194,1
5610,373,1663,1
5611,373,3959,1
5612,585,1489,1
5613,585,1652,1
5614,585,1490,1
5615,585,668,1
5616,585,671,1
5617,585,1657,1
5618,585,3953,1
5619,585,1194,1
5620,585,3959,1
5621,585,679,1
5622,1555,668,1
5623,1555,3959,1
5624,668,1218,1
5625,668,1525,1
5626,668,1367,1
5627,668,344,1
5628,668,373,1
5629,668,585,1
5630,668,1555,1
5631,668,691,1
5632,668,364,1
5633,668,708,1
5634,668,699,1
5635,668,460,1
5636,691,1489,1
5637,691,668,1
5638,691,679,1
5639,355,1489,1
5640,355,671,1
5641,355,1194,1
5642,671,1218,1
5643,671,1525,1
5644,671,1367,1
5645,671,344,1
5646,671,1553,1
5647,671,373,1
5648,671,585,1
5649,671,355,1
5650,671,708,1
5651,671,1561,1
5652,671,699,1
5653,364,668,1
5654,1197,1489,1
5655,1569,304,1
5656,1229,1652,1
5657,1229,1663,1
5658,708,1489,1
5659,708,668,1
5660,708,671,1
5661,708,679,1
5662,1524,1489,1
5663,1524,1657,1
5664,1561,1489,1
5665,1561,671,1
5666,1561,1657,1
5667,699,1489,1
5668,699,668,1
5669,699,671,1
5670,699,674,1
5671,699,679,1
5672,1657,1517,1
5673,1657,1525,1
5674,1657,1538,1
5675,1657,1501,1
5676,1657,1367,1
5677,1657,1553,1
5678,1657,304,1
5679,1657,1509,1
5680,1657,1534,1
5681,1657,373,1
5682,1657,585,1
5683,1657,1524,1
5684,1657,1561,1
5685,1657,1567,1
5686,1657,1562,1
5687,1657,1539,1
5688,1657,1246,1
5689,1657,1550,1
5690,1657,1252,1
5691,1567,1657,1
5692,674,1218,1
5693,674,1367,1
5694,674,699,1
5695,1562,1657,1
5696,3953,585,1
5697,1486,1489,1
5698,1194,1525,1
5699,1194,1538,1
5700,1194,1367,1
5701,1194,304,1
5702,1194,373,1
5703,1194,585,1
5704,1194,355,1
5705,1194,1246,1
5706,1662,1367,1
5707,1662,373,1
5708,460,668,1
5709,1539,1652,1
5710,1539,1657,1
5711,1539,1663,1
5712,1663,1218,1
5713,1663,1525,1
5714,1663,1538,1
5715,1663,1367,1
5716,1663,1553,1
5717,1663,373,1
5718,1663,1229,1
5719,1663,1539,1
5720,1663,1246,1
5721,1246,1652,1
5722,1246,1657,1
5723,1246,1194,1
5724,1246,1663,1
5725,3959,373,1
5726,3959,585,1
5727,3959,1555,1
5728,1550,1657,1
5729,679,1525,1
5730,679,1367,1
5731,679,304,1
5732,679,585,1
5733,679,691,1
5734,679,708,1
5735,679,699,1
5736,680,1367,1
5737,1252,1652,1
5738,1252,1657,1
5739,1423,4091,1
5740,1423,1458,1
5741,1423,1472,1
5742,1423,393,1
5743,1460,352,1
5744,344,4091,1
5745,345,1473,1
5746,1626,352,1
5747,4091,1423,1
5748,4091,344,1
5749,4091,352,1
5750,340,1473,1
5751,340,1231,1
5752,1051,393,1
5753,1473,345,1
5754,1473,340,1
5755,352,1460,1
5756,352,1626,1
5757,352,4091,1
5758,352,1054,1
5759,352,1231,1
5760,352,1056,1
5761,352,1226,1
5762,342,1231,1
5763,1458,1423,1
5764,1054,352,1
5765,1231,340,1
5766,1231,352,1
5767,1231,342,1
5768,1231,350,1
5769,347,393,1
5770,3998,393,1
5771,1472,1423,1
5772,350,1231,1
5773,1056,352,1
5774,1056,393,1
5775,1226,352,1
5776,393,1051,1
5777,393,1054,1
5778,393,3998,1
5779,393,1056,1
5780,1323,1386,1
5781,1386,1323,1
5782,1611,1612,1
5783,1382,1626,1
5784,1626,1382,1
5785,4091,1386,1
5786,1386,4091,1
